,書名,作者,出版日期,內容介紹,網址
1,世界文字圖解簡史,維達利,2020-11-03,"
無論是在石頭、貝殼或骨頭上鏤刻，乃至於在沙土或白樺樹皮上作畫，   人類祖先似乎一直都很善於利用簡單或是複雜的文字或圖像來彼此溝通，   即便到了現在，我們都還是學著像他們一樣，繼續在做著同樣的事...more
",https://www.books.com.tw/products/0010873794?loc=P_0003_001
2,貿易大歷史：貿易如何形塑世界，從石器時代到數位時代，跨越人類五千年的貿易之旅【經典紀念版】,威廉．伯恩斯坦,2020-10-28,"
政經局勢、科技進展、疾病災難、飲食文化…… 貿易如何牽動世人命運，改變人類的未來? 重量級金融經濟史作家精湛解析， 翻轉世界樣貌的貿易史圖景   ● 黑死病是貿易病?伊斯蘭教的大分裂，或許也能歸咎黑死病...more
",https://www.books.com.tw/products/0010873655?loc=P_0003_002
3,神社動物圖鑑：隱藏在神社動物之中的秘密，以及這些動物能帶來的庇佑又是什麼呢?,茂木貞純,2020-10-20,"
歡迎各位參加這次的日本文化民俗之旅 在這次的旅途中，為各位擔任旅途嚮導的將會是 各式各樣的「動物」們!    涵蓋「天空」、「陸地」、「水域」、「靈獸」等領域，   總計54種動物的典故與牠們鎮座能量景...more
",https://www.books.com.tw/products/0010873562?loc=P_0003_003
4,現代主義：異端的誘惑(二版),彼得‧蓋伊,2020-10-14,"
美國國家圖書獎|經典名著   當代史學巨擘彼得.蓋伊(Peter Gay)畢生學問精華，   探索讓人目瞪口呆的現代主義大起義。   從波特萊爾到貝克特及其他，以獨一無二的寬廣度和精彩度，呈現一場異端者的盛會。  ...more
",https://www.books.com.tw/products/0010873479?loc=P_0003_004
5,白目英格蘭：穿越到16世紀當混蛋，叫罵吃屎、仇女仇富、一言不合就單挑，莎士比亞也無賴的反指標文化攻略,露絲•古德曼,2020-10-10,"
一秒惹怒假掰文青，奮力在盛世寄生下流 立志成為文藝復興時代最有靈魂的惡棍反派 其實從來沒有什麼時空背景不同之術，太多現代社會的狗屁倒灶，原來從那時候就開始壞掉!  那些你所不知道的，充滿惡搞、髒...more
",https://www.books.com.tw/products/0010872409?loc=P_0003_005
6,新世界的流亡者：美國獨立戰爭中的輸家，如何促成大英帝國重拾霸權,瑪雅‧加薩諾夫,2020-10-10,"
歷史是贏家寫的 那失敗者的聲音呢? 新生代最才華洋溢的歷史學家瑪雅‧加薩諾夫力作。 作品榮獲： ◎坎迪爾歷史獎(非虛構歷史獎最高獎金) ◎美國國家書評人協會獎非小說類獎項 ◎喬治華盛頓好書獎 ◎達夫‧庫珀獎...more
",https://www.books.com.tw/products/0010872411?loc=P_0003_006
7,變形記：一部醫學與人體變化的文化史,蓋文・法蘭西斯,2020-10-07,"
人類活著便是無休止的變形。 身為人，我們隨時都在變化，不論是內在或外在，肉身或心神。 歷經成長和復原、適應和老化—―在受孕到死亡之間，我們體現了改變。   「改變」是人類萬年來適應環境的求生本能，...more
",https://www.books.com.tw/products/0010871841?loc=P_0003_007
8,哲學與宗教全史：人類三千年的思考之旅,出口治明,2020-10-01,"
★ 出版即六刷，包括《日經新聞》《朝日新聞》《日經MJ》《Sunday每日》《週刊朝日》《讀賣新聞》等重要媒體報導或轉載；出版一年後，仍高居哲學史第1名。   ★ 獲「2020年商業書大獎」總榜第6名、通識教育...more
",https://www.books.com.tw/products/0010870620?loc=P_0003_008
9,地圖圖解京急沿線,岡田直,2020-09-30,"
~解開「紅色電車」沿線之謎~ 以地圖和地形為根基 探索京急電鐵從成立到現在120年的輝煌歷史    京急電鐵從都心的終點站「品川站」出發，經過浦賀站，直至三崎口站。   另有通往羽田機場、川崎大師、逗子方...more
",https://www.books.com.tw/products/0010872243?loc=P_0003_009
10,江戶人的生活超入門,江戶歷史研究會,2020-09-29,"
江戶是水都!?沒有汽車、電車的時代如何運送物資?   月租單間小套房!庶民的裏長屋生活是什麼感覺?   江戶子瘋狂追逐煙火秀。隅田川煙火大會始於何時?   幕府權威的象徵!大城樓.江戶城究竟有多大?   武士庶...more
",https://www.books.com.tw/products/0010870034?loc=P_0003_010
11,一本看懂!戰國武士與忍者的作戰圖鑑,"小和田哲男,山田雄司",2020-09-28,"
深入了解戰國時代幕後功臣的真實面貌!   說到日本的戰國時代，想必許多稍微了解日本歷史的人，一定立刻就能想到戰國的知名武將，如織田信長、豐臣秀吉、德川家康等等。   但其實還有一群人默默的在這個時...more
",https://www.books.com.tw/products/0010870825?loc=P_0003_011
12,原來如此!日本歷史奇聞物語不思議,李仁毅,2020-09-26,"
冷知識教父李仁毅又一巨著    你知道的日本，你不知道的故事   魔鬼藏在細節裡，有趣的故事藏在歷史的縫隙裡   歷史這樣讀才有趣!!!    熱愛日本歷史的人不能不讀   喜愛聊天磕牙的人不能不知道的歷史趣聞...more
",https://www.books.com.tw/products/0010870777?loc=P_0003_012
13,髮辮走天涯,李今芸,2020-09-22,"
一根木梭，串起了捷克、山東、臺灣三地的民族情懷，譜出了苦難三部曲，   昔時的婦女們，   透過髮網，編織出屬於自己的歷史，   更熬過了那個苦難的年頭……。    筆者無意中在十九、二十世紀中國的海關檔...more
",https://www.books.com.tw/products/0010869859?loc=P_0003_013
14,獅子山上的新月：香港華人穆斯林社群的源流與傳承,霍揚揚,2020-09-17,"
實地考察、口述訪談、徵引大量文獻史料   重新認識獅子山下那既熟悉又陌生的香港   伊斯蘭在香港早已扎根多年，卻始終鮮有針對香港華人穆斯林社群的研究作品。本書透過「實地考察」和「口述歷史訪問」，對...more
",https://www.books.com.tw/products/0010870778?loc=P_0003_014
15,絲綢之路(宏觀歷史+未來洞察，經典雙書完整版),彼德‧梵科潘,2020-09-14,"
牛津大學史學家Peter Frankopan全球暢銷百萬冊作品 授權全球30個國家，銷量突破100萬冊 以全新角度和清晰邏輯為讀者獻上精采的知識饗宴 經典套書包含正篇+續篇    ★★《絲綢之路》★★    絲綢之路主宰了人類...more
",https://www.books.com.tw/products/0010867581?loc=P_0003_015
16,成癮時代：壞習慣如何變成大生意,大衛．柯特萊特,2020-09-11,"
暢銷不輟《上癮五百年》作者、美國北佛羅里達大學歷史學教授   大衛.柯特萊特(David T. Courtwright)最新力作   「上癮史」標竿著作，全球享樂革命的悠久歷史，   深入研究、高度可讀，最重要而豐富的擴充...more
",https://www.books.com.tw/products/0010870248?loc=P_0003_016
17,霍布斯邦的年代四部曲(從法國大革命到冷戰結束，追尋歐洲歷史的里程碑),艾瑞克‧霍布斯邦,2020-09-10,"
英國《衛報》「一百部最偉大的非虛構圖書」之一 在秩序失控的今日，重讀史學大師霍布斯邦作品 全套經典合售 1789-1848，法國大革命、英國工業革命，為改革文明的而誕生《革命的年代》。 1848-1875，以自由...more
",https://www.books.com.tw/products/0010869012?loc=P_0003_017
18,到英國的理由(2020新版)：環大不列顛海岸遊記,保羅．索魯,2020-09-10,"
湯瑪士.庫克旅行文學獲獎作品 看旅行書寫最毒舌派的保羅‧索魯 如何犀利解嘲我們所不知道的英國! 「擁英派」請勿入!! P你跟一個英國人說你計畫要環遊英國，他會說：「聽起來滿有趣的，就像是繞著一個夜  壺...more
",https://www.books.com.tw/products/0010869008?loc=P_0003_018
19,「漢文脈」在近代：中國清末與日本明治重疊的文學圈,齋藤希史,2020-09-10,"
從漢字文化圈的一員，到獨立的民族國家， 日本的現代化進程與文化國族建構一體兩面，息息相關。 文化國族的建構，脫離不了如何定位文學， 或毋寧說：核心就是文學    從十九世紀末期到二十世紀初期，在東...more
",https://www.books.com.tw/products/0010869586?loc=P_0003_019
20,歷史在這裡發生過：五十個決定人類發展的歷史場域,雅各‧菲爾德,2020-09-05,"
縱貫古往今來，橫亙八荒九垓， 翻開書頁，歷史就躍然紙上。  被稱為「人類的搖籃」的坦尚尼亞奧杜韋峽谷，孕育新石器革命的肥沃月彎，冰島辛格韋利爾國家公園的法律石，位處宗教聖地耶路撒冷的聖殿山，象...more
",https://www.books.com.tw/products/0010868638?loc=P_0003_020
21,百年麵包史：吃軟到吃硬，從紅豆麵包到法國麵包，改變日本飲食的150年,阿古真理,2020-09-02,"
沒有飯吃?就吃麵包啊! 攤開書本，一窺日本百年飲食發展史 象徵日本傳統的白米到基督徒視為神聖食物的麵包 從質地柔軟的紅豆麵包到硬到可以當武器的法國麵包 人們的飲食果真朝著西化前進?    日本料理文化...more
",https://www.books.com.tw/products/0010867640?loc=P_0003_021
22,湯瑪士.麥登城市史套書組：《榮耀之城.伊斯坦堡》+《威尼斯共和國》,湯瑪士．麥登,2020-08-25,"
【榮耀之城.伊斯坦堡】 如果你是羅傑.克勞利《1453：君士坦丁堡的陷落》的忠實讀者 就不能錯過講述這座榮耀之城3000年史的史詩巨作 它，曾是凱撒之城，也曾是蘇丹之都， 千百年來屹立在歐亞的十字路口上，...more
",https://www.books.com.tw/products/0010866844?loc=P_0003_022
23,看見不一樣的日本：「高級國民」引發階級對立，獲勝之道講求美學，不讓座是怕被嗆聲或婉拒……野島剛的46種文化思索與社會觀察【作者燙銀簽名+給台灣讀者的感恩祝福金句】,野島剛,2020-08-25,"
最了解台灣的日本記者野島剛，從社會脈絡、文化層面深入剖析， 提出46個令人深思的觀點， 帶大家從日本思維看台灣，也由台灣視角理解日本。    在比賽中，日本人認為「美學」比「勝利」更重要，   志村健...more
",https://www.books.com.tw/products/0010866959?loc=P_0003_023
24,《日本人默默在想的事》+《原來，這才是日本》+《看見不一樣的日本》限量套書,野島剛,2020-08-25,"
野島剛の跨文化觀察， 看見不一樣的日本與台灣。    「我喜歡台灣。希望我的文章能引領喜歡日本的台灣讀者，用不同的角度深入理解日本，並促進日本和台灣對彼此的了解，交流越來越熱絡。」野島剛    《...more
",https://www.books.com.tw/products/0010866944?loc=P_0003_024
25,倫敦腔：兩個解釋狂的英國文化索引,"白舜羽,魏君穎",2020-08-12,"
◆台灣年輕人，遇上老派的倫敦◆ ◇◇◇ 最拘謹的人民和最自由的國度 兩個解釋狂帶你走進倫敦最深處 ◇◇◇   兩個非典型阿宅，個性害羞低調，症頭為資料收集癖、名詞解釋狂，只要聊起各種冷知識，眼睛會發亮。他...more
",https://www.books.com.tw/products/0010866729?loc=P_0003_025
26,英國文化觀察套書：《倫敦腔》+《倫敦眼》：兩個解釋狂的英國文化筆記,"白舜羽,魏君穎",2020-08-12,"
◆台灣年輕人，遇上老派的倫敦◆ ◇◇◇ 最拘謹的人民和最自由的國度 兩個解釋狂帶你走進倫敦最深處 ◇◇◇   兩個非典型阿宅，個性害羞低調，症頭為資料收集癖、名詞解釋狂，只要聊起各種冷知識，眼睛會發亮。他...more
",https://www.books.com.tw/products/0010866731?loc=P_0003_026
27,十八個地理座標看世界史：從文明發源、民族、政治、軍事和帝國，到殖民、貿易和全球化，探討各地的發展與交流歷程，拼出世界史的全貌,艾華德．弗利,2020-08-06,"
德國歷史學家、杜賓根大學近代史學者艾華德.弗利(Ewald Frie) 挑戰跳脫時間與空間侷限、西方中心論的世界史重磅力作 二十大關鍵主題，搭配全彩插圖與數十幅詳細地圖 呼應一○八課綱核心素養「多元文化與國...more
",https://www.books.com.tw/products/0010864826?loc=P_0003_027
28,法式愛情：法國人獻給全世界的熱情與浪漫,瑪莉蓮．亞隆,2020-08-06,"
為何法國男子總是懂得取悅女性? 為何法國女人永遠能吸引他人目光? ? 因為， 法國人早在愛的漩渦裡，翻滾了九百年 ????????? 嘉霍琳八十歲時住進養老院，依舊風情萬種。但很多事她都不記得了，有天她問閨蜜...more
",https://www.books.com.tw/products/0010865444?loc=P_0003_028
29,甜點裡的法國：把甜蜜當武器的法蘭西歷史與文化,池上俊一,2020-08-05,"
甜點撼動了歷史!  日本東京大學最受歡迎教授著作 日本高中指定讀物、NHK教育廣播節目講者推薦 從獻給神明的珍寶到人人都可以獲得的寶石， 法國甜點的演變就是法國歷史的發展 以甜蜜滋味為線索的法國歷史之...more
",https://www.books.com.tw/products/0010864955?loc=P_0003_029
30,一分鐘大歷史：從地理大發現、世紀瘟疫到車諾比核災，160個改變世界的關鍵事件完全圖解,珊卓拉．勞倫斯,2020-07-30,"
從地理大發現到登陸月球、從環歐壯遊到經濟大蕭條 從文藝復興到迷你裙風潮、從啟蒙運動到有聲電影問世 從第一次世界大戰到911恐攻、從黑死病大流行到器官移植成功 從波士頓傾茶事件到馬丁路德‧金恩博士發...more
",https://www.books.com.tw/products/0010863601?loc=P_0003_030
31,野球場就是戰場!：美國陰影下的日本職棒發展 1934-1949,劉建偉,2020-07-23,"
米國直傳の野球技! NPB vs. MLB 日米大戰，現正上映中!  ──我們的勝負，球場見真章!──   「世界第一」的美國棒球明星隊和Babe Ruth要來了!這是野球界的「黑船來襲」!    19世紀下半葉，日本明治维新時期展...more
",https://www.books.com.tw/products/0010864417?loc=P_0003_031
32,大英博物館裡的伊斯蘭史,"威廉・哥倫伍德,拉丹・阿卡巴尼亞,法赫米達・蘇萊曼,澤伊娜・柯林克-霍普,維內齊雅・珀特,雅曼婷・美萊特",2020-07-10,"
精選大英博物館中四百件珍貴藏品， 呈現輝煌奪目的伊斯蘭文明， 一本書就把博物館帶回家!    《大英博物館裡的伊斯蘭史》為讀者提供了新鮮的切入方式來瞭解伊斯蘭世界從起源至今天的歷史。本書以六章的篇...more
",https://www.books.com.tw/products/0010862657?loc=P_0003_032
33,艾菲爾鐵塔到底能縮多小：一部知識豐富、熱情洋溢的人類微縮文化史╳模型博物誌,賽門‧加菲爾,2020-07-08,"
在世界分崩離析之前，且讓我們縮小並緊握它   人類嗜好史上最瘋狂的一頁，模型癡迷背後的文化心理學   ★亞馬遜4.4顆星，《泰唔士報》熱情盛讚   ★書市僅此一本的全球微縮文化史料蒐羅+田野調查+文化分析  ...more
",https://www.books.com.tw/products/0010862766?loc=P_0003_033
34,日式生活╳關鍵字80+：人生哲學‧美學風尚‧飲食風俗‧工藝節慶‧傳統創新，領略日式生活風格，直入日本文化精髓,矢澤豐,2020-07-08,"
日式生活+日本文化=日本的一切， 內行人的在地視角終極導覽。 一窺日本美學堂奧， 一次讀懂日本的86個關鍵字!   日式生活最詳盡的內行人導覽，   從日本文化、設計、美食、哲學，   到茶道、登山、侘寂之...more
",https://www.books.com.tw/products/0010862780?loc=P_0003_034
35,知識人的時代使命：從福澤諭吉到矢內原忠雄，啟迪民智並引導社會走向文明開化之進程,林呈蓉,2020-07-05,"
借鏡歷史，擔起國家社會的責任與動盪!   一探日本近代重要知識人以國家社會為己任的精神   ‧福澤諭吉 |慶應義塾大學創辦人   ‧新渡戶稻造|臺灣砂糖之父   ‧內村鑑三 |基督教無教會主義倡導者   ‧矢內原忠...more
",https://www.books.com.tw/products/0010863241?loc=P_0003_035
36,黎明的守望人：殖民帝國、人口流動、技術革新，見證海洋串起的全球化世界,瑪雅‧加薩諾夫,2020-07-04,"
新生代最才華洋溢的史學家瑪雅‧加薩諾夫的「帝國移民三部曲」 2020年首度在台上市 ◎坎迪爾歷史獎(非虛構歷史獎獎金最高) ◎紐時書評最受注目好書 ◎紐約時報百大好書 ◎美國國家書評人協會獎非小說類獎項 ◎喬...more
",https://www.books.com.tw/products/0010862141?loc=P_0003_036
37,走入大絲路南亞段：印度聯合國非物質文化遺產,吳德朗,2020-07-02,"
眾多的節日、儀式及多元的表演藝術，   為世人帶來色彩和歡樂，   也喚醒人們對印度文化遺產的信仰和認同。    《走入大絲路南亞段：印度聯合國非物質文化遺產》是上一本《印度不思議 世界遺產紀行》的延...more
",https://www.books.com.tw/products/0010861822?loc=P_0003_037
38,情色朝鮮：那些被迫忍受、壓抑的韓國近代性慾實錄,朴永圭,2020-06-24,"
權力與性剝削的荒唐操弄? 直擊韓國女權低落的根源 ? 「妓生」上流 仍是永世賤民，直到 黃?伊 才跨越階級 ? 醫女 終究是貴族名門的玩物，唯有 大長今 以醫術留名 相較於日本人的性開放，韓國人的兩性觀念卻...more
",https://www.books.com.tw/products/0010860354?loc=P_0003_038
39,歐亞帝國的邊境：衝突、融合與崩潰，16-20世紀大國興亡的關鍵(上下冊不分售),里博,2020-06-24,"
帝國邊緣，天高皇帝遠， 無數戰爭與世界危機，都爆發在帝國的邊緣， 最終讓國祚數百年的五大帝國在短短十多年間一一崩解。  ✽邊境是各大帝國的第一道防線，卻也埋下帝國崩解的第一道陰影 ✽本書從地緣文化...more
",https://www.books.com.tw/products/0010860768?loc=P_0003_039
40,騙你5000年：上古時代就有假新聞!從宗教、政治、科學到金融，人類騙局的演進過程,"伊恩·塔特索爾,彼得·紐瓦羅蒙特",2020-06-20,"
莫忘世上蠢人多 人類真的很好騙  ★人類歷史上最大膽、最卑鄙、最荒謬的欺騙故事 牛頓預告世界末日日期?耶穌有神聖包皮?滴血驗病騙局 1910 年早已誕生? 科學、金融、藝術、政治、探險、醫療……只要有人的領...more
",https://www.books.com.tw/products/0010860625?loc=P_0003_040
41,歐亞混血：美國、香港與中國的雙族裔認同(1842-1943),鄧津華,2020-06-18,"
在這些以單一族裔身分為常規，   異族通婚被投以猜疑甚至敵意的社會裡，   跨國、跨種族家庭要如何協商其身分認同?   當今新的「雙族裔」時尚蔚為風潮，「歐亞混血」成為跨國資本主義體制的典範。混種主體...more
",https://www.books.com.tw/products/0010862327?loc=P_0003_041
42,地中海的冬天：從突尼西亞、西西里到希臘，探索神秘水域最古老的文明與歷史,羅柏‧D‧卡普蘭,2020-06-11,"
旅行名家也是地理戰略分析家羅柏‧D‧卡普蘭走訪地中海現場， 開啟一段與過往歷史的對話 地中海的歷史，是權力所寫就，而非美麗。 「年代看似久遠，她的遺跡卻讓人感覺靠近。」 突尼西亞控制著西西里海峽，...more
",https://www.books.com.tw/products/0010860022?loc=P_0003_042
43,大日本帝國時期的海外鐵道：從臺灣、朝鮮、滿洲、樺太到南洋群島,小牟田哲彦,2020-06-05,"
尋訪歷史，跨海渡洋 從鐵路史洞悉改變中的東亞人群移動與交流 超過160張照片，20幅精美地圖，還原百年前鐵道歷史 日本嚴重缺貨，一書難求!  火車，在航空與公路交通尚未發達，缺乏長距離移動方式的二十世...more
",https://www.books.com.tw/products/0010859585?loc=P_0003_043
44,十字軍戰爭全史、聖殿騎士團套書組合,"丹．瓊斯,喬納森．賴利－史密斯",2020-06-04,"
《十字軍戰爭全史》內容介紹 十字軍史權威學者畢生精華之作 欲了解十字軍九百年發展全貌的必讀寶典 中譯本採用2014年最新修訂版，編輯增訂「十字軍國家王公世系簡表」 中文世界最完整的十字軍研究全書 東...more
",https://www.books.com.tw/products/0010859252?loc=P_0003_044
45,航海家們的寫生簿：60位航海家的海上傳奇與探索陸地之外未知世界的手繪實錄,休．路易斯-瓊斯,2020-05-30,"
繼入選英國《衛報》年度十大旅行類好書《探險家們的寫生簿》，姐妹作好評再出擊! ⌇全彩精裝 29.7 x 21cm大型開本 ⌇ ⌇收錄超過400張珍貴彩圖 ⌇ ⌇完整珍藏60位航海家生平及手繪紀錄 ⌇ ⌇隨書附贈一套四張航海...more
",https://www.books.com.tw/products/0010858486?loc=P_0003_045
46,瘋狂之所在：瘋人院、精神病院到治療型社區，一段顛覆想像的三百年精神醫學史及未來,麥可‧傑伊,2020-05-30,"
世界，有 如 一 座 巨 大 的 瘋 人 院  人類有多麼讚頌理智，就有多麼害怕瘋狂。 然而，瘋狂無所不在。  ▎本書特色 ▎ ◆ 全彩硬殼精裝，收錄逾六百幀關於十八世紀以來精神病院的珍貴插圖、照片、繪畫，以及...more
",https://www.books.com.tw/products/0010858884?loc=P_0003_046
47,植物獵人的茶盜之旅：改變中英帝國財富版圖的茶葉貿易史,莎拉・羅斯,2020-05-28,"
歷史學家史景遷、《書目書評》、《圖書館期刊》重點推薦 史上最大規模跨國企業竊取商業機密，世界地圖因茶葉而重繪! 從山上茶園到英國家庭，茶葉重新安排了供應鏈上的權力軸線。茶如此單純的飲品，改變英...more
",https://www.books.com.tw/products/0010858296?loc=P_0003_047
48,人機文明傳：一部技術枴點上的世界通史,杜君立,2020-05-25,"
〈著名史學家 許倬雲 專序推薦〉/「豆瓣」8.9分 讀者高度評價   一部用故事組織歷史主軸，又從主軸豐富歷史細節的「技術vs.人類互動版全球史」   從東方主宰到西方崛起，用「科技史觀」推演人類版圖進化；...more
",https://www.books.com.tw/products/0010858279?loc=P_0003_048
49,耶穌與死海古卷：揭開基督宗教的猶太根源，及其如何影響初代教會與信仰,約翰‧伯格斯瑪,2020-05-14,"
二十世紀最偉大的考古發現! 揭祕你所不知道的耶穌、猶太人和基督宗教， 是基督徒與研究者一生必讀的死海古卷。 兩千多年前，猶太人中出現了一位聖徒。他以神與以色列所立的「新約」為本，創立了一個團體。...more
",https://www.books.com.tw/products/0010857138?loc=P_0003_049
50,古希臘的智慧,"劉潼福,鄭樂平",2020-05-13,"
西方文明發展的源頭   智慧沒有童年。有人將古希臘哲學喻為哲學的童年，因為西方哲學正是從希臘哲人那兒發展而來的。   然而，從智慧的角度來看，本沒有什麼童年、青年、中年、老年之分。智慧既在時間之中...more
",https://www.books.com.tw/products/0010857171?loc=P_0003_050
51,拜占庭的智慧,龔方震,2020-05-13,"
東西方文化的融合與發展   中世紀的地理觀念以地中海作為世界中心，海的東岸即稱東方。羅馬帝國分立東西二帝後，東方崛起了拜占庭帝國。拜占庭自稱為羅馬人，許多史家也視這一帝國為羅馬帝國的延續，或者...more
",https://www.books.com.tw/products/0010857174?loc=P_0003_051
52,中西交通史料彙編(一~六),張星烺,2020-05-10,"
張氏蒐集並保存中國遠古以至明、清載籍中關於歐洲、非洲、阿拉伯、亞美尼亞、猶太、伊朗、土耳其、印度的紀錄，並翻譯西方的中國史地研究作品，相互對照參證。書中羅列古今數千年、數千百條的記載，不僅有...more
",https://www.books.com.tw/products/0010857026?loc=P_0003_052
53,啟蒙運動,羅伊‧波特,2020-05-09,"
曾有個時代， 相信人可以用理性解決一切， 曾有一群人，相信人有無限進步的可能， 他們催生出現代社會的架構、思考方式與價值觀 我們稱之為啟蒙時代，又叫理性時代 《瘋狂簡史》作者羅伊‧波特以綜觀視角 ...more
",https://www.books.com.tw/products/0010856801?loc=P_0003_053
54,伊斯蘭啟蒙運動：在信仰與理性中掙扎的現代化之路,克里斯多福‧德‧貝萊格,2020-05-07,"
打破伊斯蘭文明只留駐過往、抗拒現代化改革的迷思! 第一本將「伊斯蘭」和「啟蒙運動」相提並論的開創性論述。 ☪ 穆斯林與伊斯蘭文化的改革種子，其實早在兩百年前就種下...... 諾貝爾文學獎得主帕慕克讚譽...more
",https://www.books.com.tw/products/0010856432?loc=P_0003_054
55,光明的追求：從獸脂、蠟燭、鯨油、煤氣到輸電網，點亮第一盞燈到人類輝煌文明的萬年演進史,珍．布羅克斯,2020-05-07,"
★美國亞馬遜書店當月最佳選書 ★新英格蘭筆會獎項得主的科技史、文化史好評之作 ★本書出版後作者獲頒古根漢獎學金  ▌不只是科技發明的紀錄，更是一則偉大的人類寓言── 我們如何從拚命抵禦黑暗，發展到須在...more
",https://www.books.com.tw/products/0010855744?loc=P_0003_055
56,元西域人華化考,陳新會,2020-05-04,"
陳氏首先界定西域之範圍，並說明元代西域的文化狀況，以揭櫫元代西域人華化之意義。其中，又分別探討元代西域人接觸儒學、佛老思想、文學、美術、禮俗、女學以後所呈現的各種作品與所取得的成就。最後，總...more
",https://www.books.com.tw/products/0010857056?loc=P_0003_056
57,城牆：從萬里長城到柏林圍牆，一部血與磚打造的人類文明史,大衛．弗萊,2020-05-04,"
從羅馬帝國到蘇聯、從秦始皇到川普 城牆有多老，文明就有多久，人類的故事就是劃界的歷史! 美國BookAuthority權威書評網站評選2020年最佳歷史書籍!     泥沙終將沖刷一切，兩河流域諸王為何花一生築牆?   ...more
",https://www.books.com.tw/products/0010856243?loc=P_0003_057
58,手起刀落：外科醫療史：神之手與屠夫的完美結合，外科史上最具意義的28檯刀。,阿諾德．范德拉爾,2020-04-29,"
「這是外科醫生觸動的歷史，熟練、敏銳…… 是藝術、醫學再加上大膽屠夫的完美結合。」──英國《星期日泰晤士報》    ◎包莖手術怎麼會成了拿石塊「自宮」?腳拇趾受傷，居然會致命?   ◎麻醉藥發明以前，協助醫...more
",https://www.books.com.tw/products/0010854878?loc=P_0003_058
59,關於坐下這件事 : 從實用到時尚，看微物史大師黎辛斯基為我們介紹椅子的歷史(附作者親繪插圖),黎辛斯基,2020-04-16,"
「椅子只有在人坐下的那一刻才真正完整。」——漢斯•韋格納/家具設計大師  ◎暢銷書《讀建築》作者黎辛斯基的椅子微物史 ◎林東陽(懷德居木工實驗學校創辦人、韋格納收藏家)專文導讀  最早的椅子是什麼時候發...more
",https://www.books.com.tw/products/0010853219?loc=P_0003_059
60,來自世紀末的警訊：用世紀計時，看見人類命運一再重演,希勒爾．史瓦茲,2020-04-10,"
「面向過去與未來的門神，是個在戰時永遠開放其神殿的神祇，因為他或許能為世上帶來和平。在我們的時代，唯有勇於面對過去與未來，才能警告我們邪惡即將來臨，並拯救我們免於暴力及混亂之中。」——考古學家...more
",https://www.books.com.tw/products/0010853633?loc=P_0003_060
61,絲綢之路典藏套書(正篇+續篇+全彩插畫版),彼德．梵科潘,2020-04-07,"
牛津大學史學家Peter Frankopan全球暢銷百萬冊作品 授權全球30個國家，銷量突破100萬冊 經典珍藏套書，包含正篇+續篇+全彩插畫版 一次收錄最完整的繁體中文完整版   ★★《絲綢之路》★★   絲綢之路主宰了人...more
",https://www.books.com.tw/products/0010853042?loc=P_0003_061
62,上帝一直在搬家,菲立浦．詹金斯,2020-04-06,"
基督宗教大變局    基督宗教已經處於瀕死?伊斯蘭教才是宗教的明日之星?宗教戰爭又將歷史重演?基督宗教大變局正在進行。    本書是任何對基督宗教和全球大趨勢感興趣者的必讀之作，針對基督教人口的增加、...more
",https://www.books.com.tw/products/0010854237?loc=P_0003_062
63,戰爭時期日本精神史1931‐1945年,鶴見俊輔,2020-04-01,"
日本近代思想史的巨人，將美國「實用主義」引入日本的第一人   朝日新聞社「大佛次郎賞」得獎作者，三十年長銷不墜的思想史巨作   作家、資深譯者邱振瑞 專文導讀   全面討論1931至1980年間，日本知識分子...more
",https://www.books.com.tw/products/0010853080?loc=P_0003_063
64,鶴見俊輔先生作品集套組：戰爭時期日本精神史1931‐1945年、戰後日本大眾文化史1945-1980年,鶴見俊輔,2020-04-01,"
日本近代思想史的巨人，將美國「實用主義」引入日本的第一人 朝日新聞社「大佛次郎賞」得獎作者，三十年長銷不墜的思想史巨作 作家、資深譯者邱振瑞 專文導讀 全面討論1931至1980年間，日本知識分子如何面...more
",https://www.books.com.tw/products/0010853082?loc=P_0003_064
65,戰後日本大眾文化史1945-1980年,鶴見俊輔,2020-04-01,"
日本近代思想史的巨人，將美國「實用主義」引入日本的第一人   朝日新聞社「大佛次郎賞」得獎作者，三十年長銷不墜的思想史巨作   作家、資深譯者邱振瑞 專文導讀   全面討論1931至1980年間，日本知識分子...more
",https://www.books.com.tw/products/0010853081?loc=P_0003_065
66,吃出來的義大利史：推動義大利千年歷史的義大利麵,池上俊一,2020-04-01,"
從古羅馬、大航海時代到王國統一 結合政治、經濟、社會、文化、宗教 從享譽國際的義大利麵，探索義大利史    ★ 重量級史學家、東大最受歡迎教授──池上俊一，帶你看見宏大歷史鮮活的一面   ★交通大學社會與...more
",https://www.books.com.tw/products/0010853841?loc=P_0003_066
67,西班牙的靈魂：宗教熱情與躁動理想如何形塑西班牙的命運,約翰‧克勞,2020-04-01,"
這片土地有個崇高的未竟之夢， 這裡的人有顆熱情而憂愁的心。 當其他民族留下了創新的體制與充滿智慧的書籍，西班牙人則留下了靈魂。   一個國家的靈魂往往因時代的革命而改變。但當摩爾人強勢入主伊比利...more
",https://www.books.com.tw/products/0010853120?loc=P_0003_067
68,文明更迭的源代碼：「阿姨學」輕鬆入門，世界文明演化史一次搞懂!,"劉仲敬,袁真嗣",2020-03-25,"
神祕高深的阿姨學一次搞懂! 中國史觀2G讀者，輕鬆換成劉仲敬5G史學! 不要迷信古老文明舊學說，那不過是你的旅遊打卡地! 只有自由，才有文明!世界文明演化史核心動力一次搞懂!   不同類型的文明如何產生、...more
",https://www.books.com.tw/products/0010852365?loc=P_0003_068
69,江戶時代的動植物圖譜：從珍貴的500張工筆彩圖中欣賞日本近代博物世界,狩野博幸,2020-03-21,"
動植物界專家、生態畫家好評推薦~ 林哲緯/生態畫家 張東君/科普作家 蔡錦文/生態畫家、作家 謝長富/國立臺灣大學生態學與演化生物學研究所兼任教授(已退休) 陳賜隆/臺北市立動物園保育研究中心輔導員 植物...more
",https://www.books.com.tw/products/0010852094?loc=P_0003_069
70,法蘭西的智慧,敖軍,2020-03-12,"
感性與理性的結晶   像霧，像雨，又像風。   這是許多親身遊歷過法國的異域遊人所帶走的最不成印象的印象。他們可以為艾菲爾鐵塔的壯美和尼斯海灘的旖旎風光而心曠神怡，可以徜徉於羅浮宮、凡爾賽宮的藝術...more
",https://www.books.com.tw/products/0010851104?loc=P_0003_070
71,德意志的智慧,劉小明,2020-03-12,"
激情與理智的極致追求   德國人對人類文明做出了巨大的貢獻，這要歸功於浮士德身上永無休止的探索精神。這是德國人最大的動力。德國人正是以這種嚴肅認真，孜孜以求，永不滿足的精神，攀登人類文化的高峰...more
",https://www.books.com.tw/products/0010851106?loc=P_0003_071
72,世界地圖祕典：一場人類文明崛起與擴張的製圖時代全史(精裝),湯瑪士．冉納森．伯格,2020-03-07,"
一本探索人類文明、 描繪古今探險家群像的製圖時代全史 ——本書榮獲挪威文學大獎伯瑞格獎—— 繼《地圖的歷史》、《十二幅地圖看世界史》後， 令人著迷又豪華的製圖學歷史祕典!  ▍熱忱推薦 ▍ 【作家、知名節...more
",https://www.books.com.tw/products/0010850733?loc=P_0003_072
73,環遊世界80碟菜,萊斯蕾‧布蘭琪,2020-03-07,"
懂得旅行醍醐味的人，也一定懂得吃的藝術! 引領英國料理革命的伊麗莎白‧大衛也驚豔的飲食 x 旅遊文學 讓我們走遍全世界，進行一場屬於「吃貨」的壯旅。 曾周遊世界，奮不顧身找尋真愛的傳奇女作家布蘭琪，...more
",https://www.books.com.tw/products/0010850736?loc=P_0003_073
74,二十種語言，另眼看世界：綜觀世界四分之三人口聽、讀、說、寫的語言，暢遊多采多姿的文化語言學世界、挖掘日常溝通背後的歷史趣知識,賈斯頓•多倫,2020-03-05,"
語言的稜鏡，為我們折射出多采多姿的文化光影 透過本書二十種語言，改變看世界的角度 ▌荷蘭多語達人賈斯頓.多倫帶你轉動語言的萬花筒，用全球通行範圍最廣的二十種語言， 看盡各地歷史、政治、文化、價值...more
",https://www.books.com.tw/products/0010849830?loc=P_0003_074
75,聖殿騎士團：以上帝之名戰鬥的僧侶、戰士與銀行家,丹．瓊斯,2020-03-05,"
他們是十字軍歷史上為上帝而戰的基督教尖兵，   也是《達文西密碼》、《傅柯擺》裡頭的神祕組織，   「刺客教條」系列遊戲中迷人的反派角色，   集「戰士」、「僧侶」與「銀行家」於一身的傳奇騎士團   「...more
",https://www.books.com.tw/products/0010850358?loc=P_0003_075
76,菊與刀,露絲‧潘乃德,2020-02-28,"
以「菊」和「刀」來象徵日本人的性格以及日本文化的雙重(面向)，被譽為是現代「日本學的開山之作」。   本書最初是露絲‧潘乃德奉美國政府之命，依據文化形貌論，運用文化人類學的方法，出於分析、研究日本...more
",https://www.books.com.tw/products/0010850474?loc=P_0003_076
77,春畫：一窺江戶人的日常性生活,早川聞多,2020-02-27,"
春畫不是色情畫，破除強烈禁忌感   昨夜一幕真開心，少爺也看到了?   睡吧，夢中扮演獵豔高手   好幸福，夫妻雙雙看春畫   好稀奇，白天是娘晚上是妻   正月遊戲 撞得好痛快，遠勝羽子板   食色性也!只要...more
",https://www.books.com.tw/products/0010849375?loc=P_0003_077
78,絲路滄桑：從10件物品的流浪看絲路多元文化的互動與傳播,蘇珊．惠特菲德,2020-02-26,"
多種民族透過遺落的物品，在絢爛的絲路歷史中對話   ◎為什麼古中國不流行玻璃，卻在南越王族墓中發現希臘化的玻璃碗?   ◎為什麼衣索比亞無人聞問的修道院中，會發現貴霜帝國的一百多枚金幣?   ◎為什麼北周...more
",https://www.books.com.tw/products/0010849659?loc=P_0003_078
79,黃禍再現(三版),羅福惠,2020-02-26,"
中世紀歐洲的歷史記憶 成了廿一世紀的新議題    廿一世紀中國經濟崛起，國際政治上，也扮演了舉足輕重的角色，更勾起了中世紀歐洲的歷史記憶，黃禍論又成了當前熱門的議題，引發熱烈的討論。    本書在諸...more
",https://www.books.com.tw/products/0010850969?loc=P_0003_079
80,東京歷史不思議：從神話、信仰、風水、地理探索不為人知的千年之謎,戶矢學,2020-02-20,"
*形容拚死努力的一生懸命是出自關東武士保護土地的「一所懸命」!?   *校地廣大的東京大學等市區景點，大半來自江戶時代的武家屋敷!   *東京能自江戶時代急速發展，原來是托了好風水的福?   第一本由神道專...more
",https://www.books.com.tw/products/0010848907?loc=P_0003_080
81,瘟疫與人：傳染病對人類歷史的衝擊,麥克尼爾,2020-02-19,"
傳染病與人類文明交融史 經典中的經典   世界史奠基巨擘─麥克尼爾 史詩級代表作   瘟疫，是人類最深的恐懼，   病菌，是塑造人類歷史的推手，   槍砲、鋼鐵也擋不住這股力量!   人類實踐了太空旅行 卻擺脫...more
",https://www.books.com.tw/products/0010850424?loc=P_0003_081
82,美利堅的智慧,桂保,2020-02-12,"
實用與理想的合眾為一   「美利堅的智慧」這種特殊的組合，使我們面臨著雙重的疑難。   一方面，「智慧」既可以是單稱的某個個人思維運作方式和行為表現方式的標誌，更可能是全稱的某個民族文化形態的精髓...more
",https://www.books.com.tw/products/0010848369?loc=P_0003_082
83,英吉利的智慧,"余大慶,陸偉芳",2020-02-12,"
始終在經驗中實事求是   我們堅信，生產力的發展是社會發展的根源。但是，在生產力發展到一定水平時，為什麼有的民族走上了資本主義道路，有的民族卻長期滯留於封建社會，資本主義萌芽始終無法成長、開花...more
",https://www.books.com.tw/products/0010848372?loc=P_0003_083
84,奇幻圖鑑：不可思議的怪物、神話、傳說,泰瑞．布雷文頓,2020-02-12,"
蒐羅史上最奇幻與怪異的人、事、物!   「本書旨在趣味性。希望能鼓勵讀者的好奇心， 對我們生活的世界做出更深入的研究。」──作者/泰瑞.布雷文頓   【關於神話、傳說和神人、妖獸、怪物真相的精美插圖百科...more
",https://www.books.com.tw/products/0010848829?loc=P_0003_084
85,黎凡特：基督教、伊斯蘭與猶太教共存的實驗場，士麥拿、亞歷山卓及貝魯特諸城人文史,菲利普．曼瑟,2020-02-08,"
台灣第一本以「東地中海地區」為經，以「帝國/宗教/民族」為緯   綜觀此地15至20世紀歷史政治發展的磅礡巨作   這裡是基督徒、穆斯林與猶太人共存的實驗場   在前方等待「黎凡特人」的，究竟是再造榮光還...more
",https://www.books.com.tw/products/0010847914?loc=P_0003_085
86,巴黎左岸1940-1950：法國文藝最璀璨的十年,阿涅絲‧波西耶,2020-02-08,"
《紐約時報》《泰晤士報》《衛報》《文學評論雜誌》《金融時報》《經濟學人》一致好評! 1945年二戰結束後，有一群作家、哲學家、藝術家、作曲家， 在巴黎小小一平方英哩的街區內，創造了歷史，改寫了世界...more
",https://www.books.com.tw/products/0010846987?loc=P_0003_086
87,喝個爛醉，因為我們是人類：從科學文明、宗教風土到帝國興衰，看古埃及、中世紀和現代人如何喝出酩酊大醉的世界史,馬克・福賽斯,2020-02-05,"
「在我們成為人類前，我們就是酒鬼!」 《泰晤士報》暢銷榜Top1冠軍作家力作 一部酩酊大醉的世界史!   ★亞馬遜4.4顆星，媒體好評如潮   ★曼布克獎得主瑪格麗特・愛特伍、歷史學家彼得・法蘭科潘大笑推薦   ...more
",https://www.books.com.tw/products/0010847453?loc=P_0003_087
88,餐桌上的一匙歷史,朴賢振,2020-02-01,"
用歷史上的一餐，掌握大韓民國飲食的精髓!   《朝鮮日報》人氣專欄「啊哈!食物原來如此」之擴充版——韓國人吃什麼?怎麼吃?為什麼吃?   一勺歷史，兩匙飲食文化，   從閱讀中享用韓國美味!   朝鮮日報專欄「...more
",https://www.books.com.tw/products/0010846831?loc=P_0003_088
89,為單字安排座位的人：美國最暢銷字典的幕後，為世界寫下定義的編輯人生,柯芮．斯塔柏,2020-02-01,"
銷量僅次《聖經》的《韋氏大字典》是如何編出來的? 是誰默默為萬事萬物寫下定義? 從小說到廣告，從流行用語「OMG」到《哈利波特》的「麻瓜」 權威字典編輯現身說法，揭開千餘個單字的幕後故事 ◎亞馬遜讀者...more
",https://www.books.com.tw/products/0010846994?loc=P_0003_089
90,全彩插畫版絲綢之路：從波斯帝國到當代國際情勢，橫跨兩千五百年人類文明的新世界史,彼德‧梵科潘,2020-01-22,"
全球暢銷百萬冊鉅著《絲綢之路》珍藏全彩插畫版(改編自牛津大學史學家Peter Frankopan全球暢銷百萬冊作品，經典珍藏之作)   文字簡潔，青少年也可輕鬆閱讀理解，開拓歷史新視野   重新理解以絲綢之路連結...more
",https://www.books.com.tw/products/0010847521?loc=P_0003_090
91,絲綢之路續篇：霸權移轉的動盪時代，當今的世界與未來文明新史,彼德‧梵科潘,2020-01-22,"
明日，將由這條路的國家主宰? 暢銷鉅著《絲綢之路》無刪改最新續作   自2015年以降，世界發生了劇烈變化，對許多國家的人來說，生活變得越發艱難，也面對更多的挑戰。   這些事件將帶來哪些影響?世界的未...more
",https://www.books.com.tw/products/0010847579?loc=P_0003_091
92,改變世界的100本書：這些書，徹底翻轉了歷史的方向，就此形塑我們的未來,"史考特‧克里斯汀生,科林‧薩爾特爾",2020-01-19,"
感受千百年來的文字力量， 重返改變人類命運的100個的起始點! 這一百本書徹底翻轉了歷史的方向，改變了世界， 甚至無形中描繪了我們未來的輪廓。  不論是謄寫在羊皮紙上的經文，或是刻印在泥板上的古老故...more
",https://www.books.com.tw/products/0010846460?loc=P_0003_092
93,非洲的智慧,"張忠祥,沐濤",2020-01-15,"
黑人是非洲三大人種之一(另外是白人和黃種人)，他們主要生活在撒哈拉以南的非洲地區(通常稱之為「黑非洲」)。因為他們的體格特徵是膚色都呈黑色或較黑，頭髮一般呈螺旋狀捲曲，鼻翼較寬，嘴唇較厚，並且往...more
",https://www.books.com.tw/products/0010844992?loc=P_0003_093
94,古埃及的智慧,趙立行,2020-01-15,"
古代埃及是一個獨特的民族，它神祕而又矛盾。   一群勇敢而又具有遠見卓識的人，為擺脫乾旱的困擾，忍痛背井離鄉，尋找到了自己生命的源頭―—尼羅河。   ―—他們無奈地走出愚昧與落後，卻一下子站到了人類文...more
",https://www.books.com.tw/products/0010844995?loc=P_0003_094
95,醜陋史：神話、畸形、怪胎秀， 我們為何這樣定義美醜、製造異類?,格雷琴•亨德森,2020-01-11,"
人性——是由醜陋所維持的嗎? 深入歷史，探索專屬於醜陋的文化系譜。  18世紀的利物浦，曾有個名為「醜臉俱樂部」的兄弟會， 過去美國法律中，有一條「醜陋法」，禁止身體畸形者出入公共場所， 建築、繪畫、...more
",https://www.books.com.tw/products/0010845350?loc=P_0003_095
96,國旗的世界史：旗幟的力量與政治,提姆．馬歇爾,2020-01-08,"
85個以上國家及伊斯蘭國、LGBTQ社群、海盜等旗幟的研究 充滿有趣的軼事和細節，對全世界旗幟詳盡而華麗的巡禮   數千年來，旗幟代表我們的希望與夢想。我們織造國旗、毀滅國旗，高舉國旗前進。到了二十一...more
",https://www.books.com.tw/products/0010845035?loc=P_0003_096
97,野島剛漫遊世界食考學：五十歲的一人旅，從「吃」進入一個國家、一段歷史、一種文化的奇妙田野探訪,野島剛,2020-01-07,"
「吃一碗麵，喝一碗湯，你的旅行就開始了。」 第17屆卓越新聞獎得主野島剛最新作品 一位資深記者走出日本，台灣舒適圈的50歲中年一人旅 以最在地的庶民食物，勾勒出21個國家最樸素真實的樣貌 及其背後的歷...more
",https://www.books.com.tw/products/0010844311?loc=P_0003_097
98,日本異色妖怪事典,"左古文男,荒俣宏 監修者",2020-01-04,"
不要懷疑!你身邊一定有的~只是你看不到?沒看到? 這些可愛又搞笑的傢伙，個性也太強了吧! 讓人看了不禁笑出來的80位妖怪，全員集合~一次大公開! 以現代觀點，重新整理日本古來的各種妖怪及都會傳說，作者將...more
",https://www.books.com.tw/products/0010843856?loc=P_0003_098
99,絲綢之路：從波斯帝國到當代國際情勢，橫跨兩千五百年人類文明的新世界史,彼德．梵科潘,2020-01-04,"
全世界的人都在讀、討論度最高的當代歷史鉅作! **授權全球30個國家，銷量突破100萬冊** **榮登各大媒體書店年度最佳選書** **無刪改繁體中文完整版隆重上市**   絲綢之路主宰了人類的過去，也必將決定世界...more
",https://www.books.com.tw/products/0010844512?loc=P_0003_099
100,十字軍戰爭全史(十字軍史權威喬納森.賴利-史密斯畢生巨作，了解十字軍戰爭九百年始末的必讀經典),喬納森．賴利－史密斯,2020-01-04,"
十字軍史權威學者畢生精華之作 欲了解十字軍九百年發展全貌的必讀寶典 中譯本採用2014年最新修訂版，編輯增訂「十字軍國家王公世系簡表」 中文世界最完整的十字軍研究全書 東華大學歷史系助理教授劉慧 專...more
",https://www.books.com.tw/products/0010844625?loc=P_0003_100
101,甜與權力：糖──改變世界體系運轉的關鍵樞紐【飲食人類學之父西敏司畢生壓卷之作】,西敏司,2020-01-02,"
對糖的需求，揭開資本主義全球化的序幕； 對甜的渴望，勾勒出國際政治的權力網絡── 一粒微小的「糖」，如何串聯起國際貿易體系； 揭露奴役勞工的帝國史； 根本形塑了大眾的消費與飲食習慣? ──飲食人類學之...more
",https://www.books.com.tw/products/0010844232?loc=P_0003_001
102,和食之心：菊乃井.村田吉弘的「和食世界遺產」,村田吉弘,2019-12-30,"
你知道日本的喜慶節日會用紅豆飯慶祝的風俗嗎?日本料理的關鍵是什麼?最具代表性的醬油與味噌各有哪些種類與特色?賞花時收納便當的提重是江戶時期的物品，裝在重箱的便當有什麼規定?……了解和食文化後，再透...more
",https://www.books.com.tw/products/0010843137?loc=P_0003_002
103,印度文化史,尚會鵬,2019-12-28,"
這是一本認識印度的入門專書。   在現今大國崛起的時代，「金磚四國」的印度再次進入人們的視野，成為人們政經討論的公共議題。而了解了印度，就彷彿開啟了另一扇國際視野，充滿想像、實際與未知~   「文...more
",https://www.books.com.tw/products/0010844675?loc=P_0003_003
104,原來如此!日本名勝景點趣聞物語,李仁毅,2019-12-26,"
外行看熱鬧，內行看門道，去日本玩不再「知其然卻不知其所以然」!   72個日本熱門旅遊景點，每一個隱藏在景點裡的細節，都有滿滿的歷史與故事，   一起來趟輕鬆愉快的日本時空之旅!      ★雄獅旅遊 主題旅...more
",https://www.books.com.tw/products/0010844109?loc=P_0003_004
105,飲食中的朝鮮野史,宋永心,2019-12-20,"
歷史就是越了解越美味!   在朝鮮，   一道食物一種故事，一張菜單一個歷史；   時代創造飲食，飲食改變時代。   從宮廷、街頭、鄉野的美味料理中嚐遍朝鮮的野史軼聞，   佐以原汁原味的正史，呈現一盤盤一...more
",https://www.books.com.tw/products/0010842932?loc=P_0003_005
106,絲線上的文明：十三個故事，纖維紡線如何改變人類的歷史,卡西亞．聖．克萊兒,2019-12-16,"
一條絲線編織出人類文明進化的故事，   從出生到死亡，人們的日常生活都離不開織品。   從史前時代洞穴裡的纖維、中東布料與古埃及裹屍布；   中國皇帝的絲織龍袍與維京船的羊毛風帆、   印度的卡利科布、...more
",https://www.books.com.tw/products/0010842464?loc=P_0003_006
107,太平洋島嶼的智慧,曹峰,2019-12-12,"
對於大多數人而言，提起太平洋島嶼，恐怕浮現於腦海的只是輕柔的海風、美麗的海灘、動人的草裙舞，或者是那些在復活節島上不知已佇立了幾千年的巨石雕像。說起太平洋島嶼文化對現代人類的影響，恐怕也只有...more
",https://www.books.com.tw/products/0010842047?loc=P_0003_007
108,吉普賽的智慧,黎瑞剛,2019-12-12,"
一群茨岡人有說有笑，   在比薩拉比亞到處流浪。   他們搭起破爛的帳篷，   今天過夜就在小河旁。   多自由自在，在露天底下，   宿夜既快樂，睡夢也安詳。   這是偉大的俄羅斯詩人普希金的敘事長詩《茨岡...more
",https://www.books.com.tw/products/0010842051?loc=P_0003_008
109,十字架上的新月：伊斯蘭統治下的西班牙(711-1614),卡洛斯,2019-12-07,"
中古歐洲唯一的伊斯蘭土地， 基督徒、猶太人、穆斯林共居八百年， 這裡是戰火四起的地獄，也是和平共處的天堂。 ◎本書重點  1.傳統天主教國家的八百年伊斯蘭歷史。 2. 挑戰伊斯蘭與基督教對立的二元史觀。...more
",https://www.books.com.tw/products/0010841623?loc=P_0003_009
110,最後的十字軍東征：航海家達伽馬的史詩旅程,奈傑爾．克里夫,2019-12-05,"
1497年7月，這是歐洲歷史上最後一次的「十字軍東征」 航海家達伽馬矢言要打破伊斯蘭與基督教世界的權力平衡 改變歐、亞、非三大洲的命運 英國歷史學家、傳記作者奈傑爾.克里夫史詩巨作 2012年《紐約時報》...more
",https://www.books.com.tw/products/0010841222?loc=P_0003_010
111,尼采忘了他的傘：這些傘，撐出一個時代!那些你沒聽過的生活、文學、歷史、藝術中的傘,瑪麗恩・蘭金,2019-12-04,"
雨傘，與數千年人類歷史共生的貼身之物， 卻常被世人所忽略。 而它其實在歷史上擔綱起無數關鍵角色， 更擁有撼動一個時代的力量。   已存在人類社會長達數千年的雨傘(umbrella)——英國的通俗說法又稱「蓋」...more
",https://www.books.com.tw/products/0010841260?loc=P_0003_011
112,鼻紙寫樂(隨書附贈繁體中文版獨家別冊),一之關圭,2019-12-04,"
江戶時代的謎樣浮世繪師×耗費1/4個世紀醞釀新作的傳奇漫畫家 榮獲手塚治虫文化獎、日本漫畫家協會獎雙重肯定的漫畫巨作 經縝密考據、一場躍於紙上的江戶時代大眾文化盛宴   寬政元年(一七八九)，一位繪師...more
",https://www.books.com.tw/products/0010841326?loc=P_0003_012
113,蕎麥麵、鰻魚、天婦羅、壽司：江戶四大美食的誕生,飯野亮一,2019-11-15,"
其他地方比不上的江戶美食   美味歷史的真心款待   蒲燒鰻魚的十種香穿過鼻子，   讓閻羅王在六道的叉路口徘徊。   天婦羅的滋味讓苦行僧無法斷食。   吉野的櫻花再美也比不上肚子空空時的一串菖蒲糰子。 ...more
",https://www.books.com.tw/products/0010839446?loc=P_0003_013
114,日本文化圖鑑(套書)：《東京街道散步圖鑑》+《日本文化圖典》兩冊,"STUDIO WORK,平凡社",2019-11-15,"
《東京街道散步圖鑑》   ~放慢腳步，走訪少有人知的東京巷弄~   從電車和地鐵的出口開始，遊走25條承載漫漫時光的街道，   在街景與建築交織的畫面之中，回味東京今昔故事。   ◆◆散步，是認識城市最迷人的...more
",https://www.books.com.tw/products/0010839701?loc=P_0003_014
115,精確的力量：從工業革命到奈米科技，追求完美的人類改變了世界,賽門‧溫契斯特,2019-11-13,"
如何測量世界的深度，唯有精密、準確的力量，開啟人類的長和寬!   少了它，這世界就不會有鐘錶、汽車、鏡頭、槍、電腦、大數據!   從美國、西歐橫跨亞洲全球，從工業時代到數位時代，全靠人類最偉大的技術...more
",https://www.books.com.tw/products/0010839555?loc=P_0003_015
116,從民族解讀世界史：民族如何推動千年來的歷史進展，政治又如何利用民族來製造對立,宇山卓榮,2019-11-12,"
**日本亞馬遜4.8星讚賞推薦   **熱賣長銷即將邁入十刷   **YouTube點閱數累積超過百萬的歷史學堂講師   **史觀犀利、分析簡潔又不乏幽默的日本補教名師   二十一世紀的第二個十年，民粹主義再起，從美國、...more
",https://www.books.com.tw/products/0010838668?loc=P_0003_016
117,嫁禍、驅逐、大屠殺：求生存的猶太歷史,丘引,2019-11-12,"
再黑暗的歷史，也能看見猶太人耀眼的光芒!   1300年起，猶太人被驅逐出英格蘭、法國和西班牙等國，被迫遷移到波蘭等東歐國家。   十四世紀中葉，黑死病奪走了當時歐洲一半以上人口的生命後，猶太人被當作...more
",https://www.books.com.tw/products/0010838696?loc=P_0003_017
118,威尼斯共和國：稱霸地中海的海上商業帝國千年史,湯瑪士．麥登,2019-11-07,"
現代資本主義的發源地、民主共和國家的先行者 在大航海時代來臨之前，地中海世界的唯一霸主──威尼斯共和國 美國聖路易大學歷史系教授，湯瑪士.麥登《榮耀之城.伊斯坦堡》姊妹作 喜愛羅傑.克勞利《財富之城...more
",https://www.books.com.tw/products/0010838586?loc=P_0003_018
119,雜碎：美國中餐文化史,安德魯．柯伊,2019-11-06,"
跨越兩百多年的美味探索 美國中餐文化史代表作   ◎研究華人飲食的知名作家，以本書率先提出「美式中餐」的重要性，深深啟發日後的相關研究。   ◎詳述中國菜的源流及其在美國的發展，還有中美之間交流的歷...more
",https://www.books.com.tw/products/0010838557?loc=P_0003_019
120,圖解古埃及象形文字,露絲．蘇曼—安特姆,2019-11-05,"
~古埃及象形文破譯字典~   對於尼羅河流域的古代居民來說，形象等同於現實，   只要象形文字還活著，古埃及文明就能綿延不朽。   古埃及的人民以象形文字作為心靈的具體表達，   用雕刻、描繪或陶刻等方式...more
",https://www.books.com.tw/products/0010838710?loc=P_0003_020
121,圖解日本懷舊道具百科：原來古早日本人的生活這麼有趣!日本「全國學校圖書館協議會」選定圖書，特別收錄約500張超精美插畫，帶你深入了解日本庶民文化!,岩井宏實,2019-11-04,"
原來古早日本人的生活這麼有趣!   日本「全國學校圖書館協議會」選定圖書!   特別收錄約500張超精美插畫，帶你深入了解日本庶民文化!   日本家庭常見的矮圓桌「卓袱台」，竟然跟移居長崎的中國人有關?   ...more
",https://www.books.com.tw/products/0010838453?loc=P_0003_021
122,意猶未盡的黃金時代——追憶二十世紀初西方文明的盛夏,弗洛里安．伊里斯,2019-10-19,"
德國明鏡週刊、亞馬遜網路書店暢銷書 ~寫給藝術的愛情告白~ 這是歷史上最啟迪人心，也最激動人心的時代。黃金時代在繁華落盡前的故事說也說不完，一切圍繞著藝術、文學、創造、愛情、擋不住的情緒。閃耀群...more
",https://www.books.com.tw/products/0010836959?loc=P_0003_022
123,1913黃金時代套書組(繁華落盡的黃金時代+意猶未盡的黃金時代),弗洛里安．伊里斯,2019-10-19,"
明鏡周刊排行榜第一名，暢銷300,000冊 歐陸讀者年度最愛的一本書 翻譯授權28國，英國、西班牙、義大利、荷蘭、挪威、丹麥、俄國、捷克、羅馬尼亞、中國大陸、日本、韓國、巴西…… 《繁華落盡的黃金時代》 ...more
",https://www.books.com.tw/products/0010836960?loc=P_0003_023
124,萬國地理全集校注,莊欽永,2019-10-11,"
在中國近代出版史、中西文化交流史上，普魯士新教傳教士郭實獵(Karl Friedrich August Gützlaff，1803~1851)編譯的《萬國地理全集》佔有一席重要地位。   這部1844年由香港刊行、「世所鮮見」(魏源語)的世...more
",https://www.books.com.tw/products/0010837117?loc=P_0003_024
125,金融帝國的興衰：從暴發戶到跨國企業，梅迪奇銀行帶你見證資本主義的起源(特贈精美家族系譜圖海報)【精裝】,德魯福,2019-10-09,"
歐洲史上第一豪門的金融帝國與致富機密   ◎台灣版獨家附贈梅迪奇家族系譜精美海報，從首位出現於歷史記載的梅迪奇族人到太陽王路易十四，完整收錄!   梅迪奇是中世紀歐洲豪門、文藝復興的金主，   資助教...more
",https://www.books.com.tw/products/0010835821?loc=P_0003_025
126,藥王簡史：奇蹟之藥、最賣之藥、威力最強之藥、人類最愛之藥、救活最多人命的11種藥，怎麼改寫人類命運?,佐藤健太郎,2019-10-01,"
◎如果你未來的人生，只能選吃一種藥，你會選感冒藥、胃藥還是止痛藥?   ◎維他命C原來是藥?是，如果哥倫布早點知道，世界地圖就會發生大改變。   ◎源自納粹德國的藥──磺胺劑，為什麼救了敵國英國首相邱吉爾...more
",https://www.books.com.tw/products/0010834415?loc=P_0003_026
127,蔡桑說怪：日本神話與靈界怪談，有時還有臺灣,蔡亦竹,2019-10-01,"
★全彩神鬼人物+精美拉頁，讓你秒懂日本初代神明家庭的情愛糾葛!   ★超ㄎㄧㄤ鄉民用語，讓你怕中帶笑，笑中帶淚!   ★從日本神話看見民俗學與歷史，從靈異怪談看見人類學與文化，鄉民、島民、宅宅、水水都不...more
",https://www.books.com.tw/products/0010834484?loc=P_0003_027
128,日本人的「縮小」意識：從生活態度到藝術表現，日本文化為何與眾不同?,李御寧,2019-09-25,"
作為同樣深受中國文化與西洋文化薰陶的鄰近島國，   日本文化為何能夠發展出與其他東方國家截然不同的特性?   一個改良與創新實力領先世界的設計大國，背後取之不竭的精神力量從何而來?   當日本人開始面...more
",https://www.books.com.tw/products/0010834346?loc=P_0003_028
129,西方古城市文明,薛鳳旋,2019-09-24,"
城市的出現—由原始農業聚落進化至城市，是一個複雜的過程。原始文化由此走進了較高的發展階段，成為文明。城市是文明的載體，城市的發展與變更體現了文明的演變。   本書作者是城市發展的系統研究者，曾以...more
",https://www.books.com.tw/products/0010833649?loc=P_0003_029
130,廣場與塔樓：從印刷術誕生到網路社群力爆發，顛覆權力階級，改變人類歷史的network,尼爾‧弗格森,2019-09-04,"
塔樓裡的階級掌控權力，廣場中的網絡聚結影響力， 究竟是哪一種力量，改變並推動了歷史的發展? 由人際網絡交織建構而成的人物與權力圖像， 才是真正掌握歷史走向的潛在力量!  鄉民、小編、網軍影響時代，...more
",https://www.books.com.tw/products/0010832288?loc=P_0003_030
131,頭髮：一部趣味人類史,寇特．史坦恩,2019-09-02,"
你知道我們的頭髮藏了很多秘密嗎?   我們的祖先為何放棄了濃密的體毛?   眉毛為什麼是眉毛，而不是頭髮?   人真的會「一夜白頭」嗎?   出家人為什麼要剃度?   一萬根頭髮能吊起多少個成年人?   頭髮是死細...more
",https://www.books.com.tw/products/0010832023?loc=P_0003_031
132,「京都三部曲」套書(千年繁華/喜樂京都/京都思路)長銷回歸,壽岳章子,2019-08-31,"
京都三部曲《千年繁華》《京都思路》《喜樂京都》，在台長銷強勢回歸! 京都的街道巷弄風情萬千，千年來，交織著多少的人情韻味及歷史風華， 世世代代，守護著千年古城變與不變的永恆。 ◎《千年繁華：京都...more
",https://www.books.com.tw/products/0010831958?loc=P_0003_032
133,全視日本史：透視大和民族的風土、歷史與人文,許極燉,2019-08-28,"
從歷史與文化的萬花鏡，一窺大和民族在日本列島舞台上的營造與創生   ◆清晰圖表與珍貴圖片，圖文並茂講解日本列島上的天、地、人。   ◆從通史的角度深入淺出，脈絡清晰易懂，讓讀者快速掌握日本史關鍵知識...more
",https://www.books.com.tw/products/0010828651?loc=P_0003_033
134,航海、財富與帝國：從經濟學角度看世界歷史，「$」堆疊出的世界霸權!,波音,2019-08-26,"
~拆解大航海時代的「強國煉金術」~   改寫歷史的不是偉人名將，而是真金白銀!   從錢眼中，重看大國興衰史後的經濟真相。   ★當當網99.7%好評!   ▇▇▇▇▇▇▇▇拆解大國煉金術，探究讓列強興起的「金手指」▇▇▇▇...more
",https://www.books.com.tw/products/0010831476?loc=P_0003_034
135,怪奇京都：神佛、魑魅魍魎同行的異類古都巡訪,三線,2019-08-17,"
京都，表面上很美，實際上卻很陰! 到了京都，別忘了在這些景點和妖魔鬼怪打聲招呼! 落櫻繽紛、小橋流水，故事真相的畫面太慘，我不敢看。 神社寺院、天皇武家，伴隨怨靈與惡鬼的野史仍在上演…… 不能撞的鐘...more
",https://www.books.com.tw/products/0010830769?loc=P_0003_035
136,爆買帝國：從需要到渴望，消費主義席捲全球600年文明史【精裝】,法蘭克．川特曼,2019-08-07,"
從需要到渴望，消費主義席捲全球600年文明史 一本價值五百萬英鎊的拜金、拜物史詩 第一本完整談論「消費」的歷史、社會觀察巨作   「比起職業，更能定義你的是你花錢的方式，   因為創造價值的並非勞動，...more
",https://www.books.com.tw/products/0010829625?loc=P_0003_036
137,維京戰士傳奇：北國海盜們的生涯、配備、武裝與戰鬥技術,安古斯．堪斯坦,2019-08-05,"
~北國海盜們的生涯、配備、武裝與戰鬥技術~   維京戰士是殺人越貨的賊寇，也是乘風破浪、矢志朝前的鬥士，   這群海上劫匪，燒殺搶掠、無惡不作，是的太平盛世的禍害，   卻也是中世紀歐洲，永垂不朽的傳...more
",https://www.books.com.tw/products/0010829806?loc=P_0003_037
138,日本神妖博物誌,多田克己,2019-08-03,"
最值得收藏的日本神妖巨著! 日本，由眾多部落及遊牧民族所融合而成。文化上，由於受到中國儒教與印度佛教傳入影響，衍伸出具有獨特地域性的神話故事。傳說中，天照大神的後裔•神武天皇於西元前六六○年建立...more
",https://www.books.com.tw/products/0010829269?loc=P_0003_038
139,日晷之南：日本文化思想掠影,邱振瑞,2019-08-02,"
漫步於時光之流，探看那些時代中，日本人文化的光影呼吸。   「私風景，私の風景，應該是說極為邱振瑞式的日本文化觀照，因為捕捉和陳述的是邱振瑞極富個人風格的視點。他以一個詩人的筆觸，經由閱讀而再...more
",https://www.books.com.tw/products/0010828708?loc=P_0003_039
140,美國歷史與族群文化散論,黃兆群,2019-08-01,"
這是一部側重美國歷史與文化研究的學術新作。所論內容，盡管頭緒駁雜，卻精彩紛呈，令人讀後，如同在幽暗的深谷裡，聽到了足音，看到了光明。...more
",https://www.books.com.tw/products/0010836704?loc=P_0003_040
141,古物新史：從上古遺跡到現代拍賣場，縱橫千年的美學意識流變與珍品收藏旅程，一名哲學教授的古物考察記,雷翁•羅森斯坦,2019-08-01,"
「古物的耐力使它更勝當下事實片刻的蜉蝣與永恆蒼天中的日月精華。」──雷翁•羅森斯坦   * 你能區分「紀念品」、「戰利品」、「宗教遺物」、「藝術品」的差別嗎?   * 你知道古物鑑定有「十大標準」嗎?   從...more
",https://www.books.com.tw/products/0010828786?loc=P_0003_041
142,裸體日本：混浴、窺看、性意識，一段被極力遮掩的日本近代史,中野明,2019-07-25,"
「這個國家的人毫無羞恥心嗎?」─→ 美、法、德、瑞等各國使節團、官方紀錄，一致質疑。 下町老街的公共浴場、混浴傳說，默默隱藏在角落的裸露書刊，社會上瀰漫一股壓抑氛圍… 老一輩的常說：日本人有禮無體...more
",https://www.books.com.tw/products/0010827775?loc=P_0003_042
143,拜占庭帝國：324-1453拯救西方文明的千年東羅馬帝國,拉爾斯．布朗沃思,2019-07-24,"
─歷史普及作品中的傑作─ 英語世界公認最會說歷史故事的作家 拉爾斯.布朗沃思成名之作   ★美國亞馬遜近四百位讀者4.5顆星高評價   ★Goodread近四千位讀者4.1顆星高評價   ★《紐約時報》盛讚本書作者為傑出...more
",https://www.books.com.tw/products/0010827975?loc=P_0003_043
144,世界政治史：三千年的戰爭與和平,喬納森・霍斯雷格,2019-07-24,"
為何人類總冀望和平，但卻鮮少實現之?   形成國際關係的最大力量為何?   我們未來的領袖該知道哪些世界政治歷史?   在核戰威脅再次逼近的時刻，這本歷史書是國際政治學生和每一位想知道時事背景遠因的民眾...more
",https://www.books.com.tw/products/0010827976?loc=P_0003_044
145,知識地圖：古典理念的遺失與發現,紫兒‧莫勒,2019-07-24,"
一段歷史公案：歐洲文藝復興從何而來   多數關於「文藝復興」的歷史作品，幾乎沒說明它是如何從伊斯蘭文明汲取養份的。可能提到從東羅馬出走到義大利的希臘文學者的貢獻，介紹西班牙與西西里的幫助並不多...more
",https://www.books.com.tw/products/0010827978?loc=P_0003_045
146,中世紀關鍵詞：騎士、城堡與幻獸，大師為你圖說中古歐洲史,勒高夫,2019-07-11,"
用20個關鍵詞，從歷史到傳奇，帶你漫遊歐洲中世紀 《石中劍》、《羅蜜歐與朱麗葉》、電玩《世紀帝國2》， 這些豐富現代生活的瑰麗場景、奇幻情節、宏偉建物，都來自中世紀。 年鑑學派大師勒高夫，結合精美...more
",https://www.books.com.tw/products/0010826666?loc=P_0003_046
147,京都思路(在台長銷強勢回歸),壽岳章子,2019-07-06,"
壽岳章子X澤田重隆攜手創作 京都三部曲最終章!! 道路，是相逢的所在! 京都的街道巷弄風情萬千， 千年來，交織著多少的人情韻味與歷史風華， 世世代代，守護著千年古城變與不變的永恆……  ▪知名作家李清志 ...more
",https://www.books.com.tw/products/0010826418?loc=P_0003_047
148,這就是北歐人：從食衣住行育樂了解北歐生活,李清玉,2019-07-01,"
這不是旅遊指南，也不是旅行遊記，更非一個嫁到挪威的媳婦碎碎唸的異鄉生活報告書!   這是一個喜歡旅行的台灣女子，最後結婚落腳北歐，誠懇的想要分享多年來北歐人、北歐生活帶給她的感動，以及從北歐生活...more
",https://www.books.com.tw/products/0010826163?loc=P_0003_048
149,進擊的智人：「匱乏」決定了人類99.99%的歷史!同名演講觀看次數突破1億次!最會說故事的博物館講解員，徹底顛覆你對人類文明史的想像!,河森堡,2019-07-01,"
「匱乏」決定了人類99.99%的歷史!   同名演講觀看次數突破1億次!   蔡康永說他「一張嘴就能帶你追溯上千上萬年的歷史」!   最會說故事的博物館講解員，徹底顛覆你對人類文明史的想像!   所謂「進擊」，   ...more
",https://www.books.com.tw/products/0010825742?loc=P_0003_049
150,反穀：穀物是食糧還是政權工具?人類為農耕社會付出何種代價?一個政治人類學家對國家形成的反思,詹姆斯．斯科特,2019-06-29,"
★當代最重要的政治人類學家詹姆斯‧斯科特全新著作。 ★顛覆過往對國家與文明成形基本假設，提出今日國家建立的各種想像。 ★《紐約時報》《衛報》《金融時報》《經濟學人》同聲讚譽 ! 洪伯邑(國立臺灣大學地...more
",https://www.books.com.tw/products/0010824836?loc=P_0003_050
151,情熱東京：1970年代回憶錄，日本最後的前衛十年,伊恩・布魯瑪,2019-06-26,"
水氣氤氳的混浴澡堂、暗地騷動的昏暈戲院、 宛如都會遊牧民族的巡迴劇團…… 最浪漫的日本，或許就在七〇年代   外人與日本人的界線、徒弟與師父的分際、年長者與年少者的位階，高貴優雅與低俗粗暴……布魯瑪...more
",https://www.books.com.tw/products/0010825687?loc=P_0003_051
152,越南文化：從紅河到九龍江流域,,2019-06-25,"
本書為國立成功大學越南研究中心及社團法人台越文化協會共同辦理「越南文化國際工作坊」的成果。   適合哪些讀者   1. 擬教授越南語及越南文化課程者   2. 擬到越南投資或工作者   3. 從事新移民或多元文...more
",https://www.books.com.tw/products/0010828257?loc=P_0003_052
153,猶太教四千年：從聖經起源、耶穌時代聖殿崇拜到現代分布全球的猶太信仰,馬汀‧古德曼,2019-06-20,"
西元前2000年~迄今 第一本最完整全面的猶太教歷史，穿越四千年的漫長時空，史詩級的重量巨作! 在西元前第二和第一千紀時，猶太教在多神教的美索不達米亞社會中誕生，是三大亞伯拉罕宗教(世界三個有共同源...more
",https://www.books.com.tw/products/0010824657?loc=P_0003_053
154,七海雄風：阿曼的航海時代,哈穆德·本·哈馬德·本·穆罕默德·賈魏德·蓋拉尼,2019-06-18,"
阿曼是阿拉伯半島南端濱海的國家，歷史非常悠久，可上溯到對美索不達米亞文明和埃及的法老王時代的海上運輸貿易活動。千百年來，以部落宗族為中心的航海事業，也成為民族傳統的代表性活動。阿曼人不僅航海...more
",https://www.books.com.tw/products/0010825953?loc=P_0003_054
155,凱爾特.最初的歐洲：被羅馬與基督教覆蓋的文化水脈,原 聖,2019-06-12,"
「最初的歐洲人」──凱爾特，他們建立了西方文明的基底，   卻被羅馬和基督教文明覆蓋，視之為邊陲的「野蠻」文化。   凱爾特不只專屬於愛爾蘭!而是歐洲世界共通的文化遺產。   找尋最原始純粹的異教文化，...more
",https://www.books.com.tw/products/0010823835?loc=P_0003_055
156,真主大道上：阿拉伯大軍征服與伊斯蘭帝國的創立,羅伯特‧霍伊蘭,2019-06-12,"
有一則中東地區流傳的古老傳說，說在西元三世紀中葉，一群年輕的基督徒，為逃離羅馬異教徒皇帝的迫害，遠離家鄉出走避難。逃到一處可藏身的山洞裡，這幾個年輕人很快便入睡了。隔天醒來，驚訝地聽到山下傳...more
",https://www.books.com.tw/products/0010823896?loc=P_0003_056
157,喜樂京都：在台發行14周年長銷回歸,壽岳章子,2019-06-08,"
壽岳章子X澤田重隆攜手創作 千年依舊的京都風華 寧靜樸實的生活情味，燦爛華麗的傳統祭典， 蘊育出京都深沉豐厚的風景，自在而喜樂。  ▪中國時報「開卷」好書榜 ▪金石堂強力推薦書 ▪知名作家葉怡蘭、韓良...more
",https://www.books.com.tw/products/0010823725?loc=P_0003_057
158,帝國主義的末日：去殖民的風潮吹過亞洲與非洲，改變了二十世紀的世界版圖,"揚森,歐斯特哈默",2019-06-08,"
目前世界上有兩百個國家，都是百年來去殖民風潮下的新生兒。  帝國主義的殖民活動五百年來影響全世界。 台灣也曾是這段歷程中的一部分， 經歷舊帝國主義(荷蘭、西班牙)和新帝國主義(日本)兩次統治。 直到...more
",https://www.books.com.tw/products/0010823257?loc=P_0003_058
159,52種顏色的歷史冷知識：隱藏在顏色背後的慾望與想像,山脇惠子,2019-06-05,"
52個科學輔證的歷史冷知識， 揭露古今中外顏色背後所隱藏的人心、虛榮與瘋狂， 潛藏在內心底層的是顏色還是慾望? 色彩心理學到底真有其事， 還是史上掌權者、貴族社會與大眾文化所塑造出來的象徵意義? 從...more
",https://www.books.com.tw/products/0010823348?loc=P_0003_059
160,千年繁華：京都的街巷人生(十六周年暢銷回歸),壽岳章子,2019-06-01,"
只有貼近生活的感動，才能在時間洗鍊下愈陳愈香! 一座悠遠而深沉的千年古都， 一段真摯豐厚的童年舊事， 刻畫出一幅令人悸動的巷弄風景 ▪ 知名作家 唐諾 專文推薦 ▪ 葉怡蘭、酪梨壽司、苦悶中年男及多位讀...more
",https://www.books.com.tw/products/0010821074?loc=P_0003_060
161,改變歷史的人類發明：機器、樂器、武器、鐵路,"喬爾‧利維,比爾‧勞斯,艾力克‧查林,菲利浦‧威爾金森",2019-06-01,"
【重點特色】 本系列書包含精彩故事與美好視覺享受、囊括人文科技與歷史各種面向， 鉅細靡遺地揭露了或雄偉或渺小的各種發明，令人驚嘆的故事。 書中提到的物件都曾在人類演化及現代社會形成的過程中，扮...more
",https://www.books.com.tw/products/0010822942?loc=P_0003_061
162,千本鳥居百萬神：從30座神社解讀日本史,安藤優一郎,2019-06-01,"
不了解神社，就無法全盤理解日本史! 30座備受崇敬的神社，30段波濤洶湧的歷史， 在八百萬神的背後，交織著叛變與暗殺的權力鬥爭， 更緊緊鏈結庶民生活與社會經濟。 剖析神社的前世今生，一探不為人知的日...more
",https://www.books.com.tw/products/0010823248?loc=P_0003_062
163,超視覺 忍者&忍術大百科,山田雄司,2019-05-31,"
~徹底了解歷史幕後主角忍者強大的祕密~   砥礪鑽研「心、技、體」。   不見其人、   不聞其聲、   不留其名。   揭開操縱歷史的幕後黑手   ──「忍者」的真面目。   「忍者」在日本歷史中乃是密不可分的存...more
",https://www.books.com.tw/products/0010822520?loc=P_0003_063
164,日本民俗圖典：繩文時代~昭和30年，3000項民俗手繪圖，日本暢銷15年新裝上市!,,2019-05-24,"
~見證大和民俗之美~ ★出版史上最具代表性的日本百科圖典，暢銷15年革新【新裝版】! ★繩文時代~昭和30年，3000項民俗手繪圖，日本傳統與民俗的演進型錄。 ★記錄的大和民族工藝技術流變，宛若日本版《天工開...more
",https://www.books.com.tw/products/0010822386?loc=P_0003_064
165,文明開化來了：與路上觀察之神一同翻閱明治時代的生活畫卷,林丈二,2019-05-22,"
明治維新150週年重磅之作 250張圖片管窺一百多年前日本的庶民生活   從大學時代開始觀察水溝蓋的「路上觀察之神」林丈二，研究日本明治文化長達三十五年，他以「街頭視線」觀察明治時代的插畫，在時光旅行...more
",https://www.books.com.tw/products/0010821892?loc=P_0003_065
166,亞馬遜：古代女戰士的真實傳奇,約翰．曼,2019-05-13,"
她們才是真正的戰鬥民族!   神力女超人的起源，全盤解密    精彩絕倫，引人入勝。—《泰晤士報》   描寫鮮明，平易近人。—《Spectator》   ●暢銷歷史作家約翰.曼 最新力作   自古希臘以來，亞馬遜女戰士的...more
",https://www.books.com.tw/products/0010821229?loc=P_0003_066
167,埃及史：神祕與驚奇的古國(二版),張倩紅,2019-05-10,"
埃及是一個具有悠久歷史的國家，勤勞智慧的古埃及人民在尼羅河畔創造了輝煌的古典文明。近代以來，埃及人民為對抗外來勢力的侵略、維護民族獨立進行了頑強的抗爭。二十世紀中葉以後，在納塞、薩達特、穆巴...more
",https://www.books.com.tw/products/0010821752?loc=P_0003_067
168,能源，迫在眉睫的抉擇：為人類文明史續命，抑或摧毀人類文明的一場賭注,理查•羅德斯,2019-05-08,"
普立茲獎得主最新力作! 美國Amazon暢銷書No. 1! 《紐約時報》、《華爾街日報》等各大媒體一致讚揚   核災威脅與空汙危機，兩難卻得當機立斷!   能源的決策，台灣人民該如何抉擇?   在幾乎被遺忘的歷史知識...more
",https://www.books.com.tw/products/0010820915?loc=P_0003_068
169,世界劇場：16-18世紀版畫中的羅馬城,王健安,2019-05-06,"
聖彼得大教堂‧方尖碑‧美景庭‧波波洛廣場   看歷代教宗與建築師如何合力打造全新的羅馬，   在世紀之交，轟動全歐洲，迎接全新城市景觀!   ☆以近百幅精緻版畫，忠實呈現16-18世紀羅馬人對未來的願景，展現...more
",https://www.books.com.tw/products/0010820139?loc=P_0003_069
170,海賊王的時代：古希臘、大航海時代到現代的索馬利亞海盜,桃井治郎,2019-05-04,"
燒殺擄掠、征戰冒險、自由闖蕩 海盜究竟是全民公敵，還是開創新世界的英雄  黑鬍子、基德、德瑞克、瑪莉與安妮…… 探索《航海王》與Fate/Grand Order的海盜角色原型 感受《海盜戰記》燒殺擄掠的血腥殘酷 一...more
",https://www.books.com.tw/products/0010820318?loc=P_0003_070
171,日本瞥見記：異文化的觀察與愛戀,小泉八雲,2019-05-02,"
中文世界最完整的全譯本   交雜自然描寫、記錄民俗傳說、追悼日本傳統物事的經典著作   透過歐美的外來者眼光 透視東洋的神話之地   多方面呈現 橫跨明治時代日本教育、民俗、土地、傳說的綜合面貌   來自...more
",https://www.books.com.tw/products/0010819930?loc=P_0003_071
172,時光出土：考古學的故事,艾瑞克‧克萊恩,2019-05-01,"
最有趣的考古入門書， 閱讀的驚奇之旅! 從沒想到，考古學可以如此精準、專業，而且快樂。 「最受歡迎的考古學圖書獎」得主傾力之作， 擁有30年資歷的考古學者，告訴你第一手考古實況。   引領讀者從18世紀...more
",https://www.books.com.tw/products/0010820018?loc=P_0003_072
173,貿易打造的世界：社會、文化、世界經濟，從1400年到現在【最新增修版】(三版),"史蒂夫．托皮克,彭慕蘭",2019-04-29,"
「不平等」、「文化衝突」、「生態破壞」等世界紛亂來源， 一切都來自六百年前開始的「全球化」積累效應……   趣味與學術兼備的世界史，帶給你意想不到的啟發!   ※美國歷史協會費正清獎、世界歷史協會最佳...more
",https://www.books.com.tw/products/0010819827?loc=P_0003_073
174,古典洋裝全圖解：鯨骨、臀墊、寶塔袖，深度解密的絕美華服史,莉蒂亞‧愛德華,2019-04-24,"
揭開裙撐底下的祕密，一覽五個世紀以來西方女性的服飾潮流， 從設計、布料、剪裁、內衣、細節，到風格和流行的發展，徹底解密服裝的構造、歷史演變和設計靈感來源。 透過作者莉蒂亞‧愛德華珍貴的藏品照片...more
",https://www.books.com.tw/products/0010819170?loc=P_0003_074
175,貓狗說的人類文明史：「故事」團隊，請喵喵汪汪說故事給你聽!,"宋彥陞,王健安,盧德昀,簡宏逸,胡川安,胡煒權,蔡佳慧,蔡虹音,賴庭光,邱羽瑄,鍾宜芬,馬雅人,黃怡君",2019-04-22,"
如果說貓狗史，就是人類的文明史，一點也不為過!   「人類馴服了狗，而貓馴服了人類。」   ──法國人類學家 馬歇•莫斯   貓狗向來是人類最親密的寵物伴侶，   我們如何對待牠們，反映了自身的文化，   也體...more
",https://www.books.com.tw/products/0010819806?loc=P_0003_075
176,中外歷史上朝代更替的秘辛,汗青,2019-04-19,"
本書篩選了隋唐、晚清以及羅馬與迦太基傳奇等中外歷史大事件，旨在使讀者對歷史產生興趣，了解真實的歷史，從而形成正確的歷史觀。本書對歷史人物和事件進行解讀，注重趣味性與資料的真實性，能給讀者帶來...more
",https://www.books.com.tw/products/0010820061?loc=P_0003_076
177,解開天皇祕密的70個問題第一部：天皇的歷史之謎,胡煒權,2019-04-16,"
在位31年的日本平成天皇(明仁)將於2019年4月30日退位，而皇太子德仁則在隔日(5月1日)即位，並同時啟用新年號。本書概說天皇的歷史與天皇制的世界，解答你對日本天皇的疑問，尤其是關於一般外界對「天皇」...more
",https://www.books.com.tw/products/0010818235?loc=P_0003_077
178,解開天皇祕密的70個問題第二部：天皇的生活與一生,胡煒權,2019-04-16,"
在位31年的日本平成天皇(明仁)將於2019年4月30日退位，而皇太子德仁則在隔日(5月1日)即位，並同時啟用新年號。本書概說天皇的歷史與天皇制的世界，解答你對日本天皇的疑問，尤其是關於一般外界對「天皇」...more
",https://www.books.com.tw/products/0010818239?loc=P_0003_078
179,解開天皇祕密的70個問題第一部+第二部套書【送百人一首海報】,胡煒權,2019-04-16,"
在位31年的日本平成天皇(明仁)將於2019年4月30日退位，而皇太子德仁則在隔日(5月1日)即位，並同時啟用新年號。本書概說天皇的歷史與天皇制的世界，解答你對日本天皇的疑問，尤其是關於一般外界對「天皇」...more
",https://www.books.com.tw/products/0010818243?loc=P_0003_079
180,美國六十年滄桑：一個華人的見聞,許倬雲,2019-04-11,"
許倬雲在美旅居六十載， 美國既是其安身立命之所在， 也是觀察現代西方文明的窗口， 更是剖析一個帝國由盛而衰的最大社會實驗室。   《美國六十年滄桑：一個華人的見聞》既是一部客居生涯的回憶錄，   也...more
",https://www.books.com.tw/products/0010818440?loc=P_0003_080
181,法老王的祕密：商博良破解古埃及文的探索之旅,艾京斯夫婦,2019-04-03,"
◎認識古埃及文的第一堂課 ◎隨書學習183個有趣的古埃及文 ◎隨書附贈古埃及文祈福祝禱卡 ◎蒲慕州(美國約翰霍浦金斯大學埃及學博士)審定暨專文推薦  失傳一千五百年的神祕文字 一塊殘破石碑出土帶來破解曙光 ...more
",https://www.books.com.tw/products/0010814899?loc=P_0003_081
182,天工，諸神，機械人：希臘神話與遠古文明的工藝科技夢,雅筑安・梅爾,2019-04-03,"
人工智慧時代的新神話學。   創新、獨特的觀點，從希臘與亞洲神話，   闡述遠古文明對人型機械和其他人造生命形式的想像，令人驚嘆。   當科技高度發展模糊了神性與人性的界線，人類對於科技兼具光明及黑...more
",https://www.books.com.tw/products/0010817320?loc=P_0003_082
183,大轉向：文藝復興的開展與世界走向現代的關鍵時刻,葛林布萊,2019-03-30,"
時隔1500年，《物性論》的出土改變了人類文明的走向。 從天堂走向人間，從神性轉向理性，文藝復興就此展開。  西元前一世紀，有人提出靈魂是由粒子組成，一個近乎無神論的主張。 西元十五世紀，在基督教掌...more
",https://www.books.com.tw/products/0010817066?loc=P_0003_083
184,你的耳朵裡是魚嗎?為什麼翻譯能溝通不同文化，卻也造成誤解?從口譯筆譯到自動翻譯，「翻譯」在人類的歷史如何發揮關鍵影響力,大衛‧貝洛斯,2019-03-30,"
翻譯不僅改變了我們溝通的方式，也影響著人類的未來…… 聞名全球的翻譯名家從文學小說到流行暢銷歌曲，從納粹審判法庭到二戰軍事解碼， 剖析「翻譯」如何展現文化的繁複面貌  【本書特色】 1. 《紐約時報》...more
",https://www.books.com.tw/products/0010816811?loc=P_0003_084
185,生而被標籤：美國種族歧視思想的歷史溯源,伊布拉．肯迪,2019-03-30,"
從黑人出生的那刻起，他們/她們就已經被貼上了標籤 《生而被標籤》將細細爬梳種族歧視思想的歷史根源，重回黑人的命運時刻 作者肯迪教授認為，種族主義並不是生根於人們的無知與仇恨， 而是掌握權力的男男...more
",https://www.books.com.tw/products/0010817054?loc=P_0003_085
186,居酒屋的誕生：日本江戶時代的酒食文化,飯野亮一,2019-03-15,"
從居酒屋穿越三百年前的東京， 從居酒屋看透海海人生， 從居酒屋品味日本歷史文化和豐饒的文學， 居酒屋，有溫度的酒食天堂，庶民活力的居酒物語!   居酒屋，   有笑有淚也有醉，   生命中的一食一飯，就...more
",https://www.books.com.tw/products/0010816059?loc=P_0003_086
187,舌尖上的東協─東南亞美食與蔬果植物誌：既熟悉又陌生，那些悄然融入台灣土地的南洋植物與料理,胖胖樹  王瑞閔,2019-03-14,"
從台灣的市場、田裡與餐桌上， 一一認識東協 在台灣各地的巷弄裡，隱藏著各種異國風味：泰式料理、越南餐廳、緬甸小館、印尼簡餐……都可以找到十分道地的小店，令人垂涎。這些餐廳看來似乎都營業許久，很可...more
",https://www.books.com.tw/products/0010815650?loc=P_0003_087
188,女力告白：最危險的力量與被噤聲的歷史,瑪莉‧畢爾德,2019-03-08,"
身為女性，我很抱歉；生為女性，令人遺憾?   是什麼樣的歷史，讓女性一旦掌握權力，便注定握緊天生性別的原罪，和對命運的憤怒?   人人平等，難道永遠都會是天方夜譚?   Wolfson History Prize得主、皇家...more
",https://www.books.com.tw/products/0010815235?loc=P_0003_088
189,地圖的歷史：從石刻地圖到Google Maps，重新看待世界的方式(二版),賽門．加菲爾,2019-03-07,"
從亞歷山大圖書館到Google Maps，從石刻地圖到GPS定位系統， 當Google Maps掌握了定義和呈現世界的權力，我們的未來要往那裡去? 作家張國立 文史工作者、廣播與電視節目主持人謝哲青 專文推薦 PChome Onli...more
",https://www.books.com.tw/products/0010814913?loc=P_0003_089
190,哥倫布大交換：1492年以後的生物影響和文化衝擊,克羅斯比,2019-03-07,"
從我讀到這本書的那一刻起，歷史對我而言，就再也不大一樣了。──美國名史學家麥克尼爾 ◎原著三十週年紀念修訂新版  1492年，哥倫布航向美洲，地球上的生命就此改變……  1492年之後美洲的原生植物，馬鈴薯、...more
",https://www.books.com.tw/products/0010814906?loc=P_0003_090
191,獻給皇帝的禮物：Wedgwood瓷器王國與漫長的十八世紀,溫洽溢,2019-03-05,"
以驚奇震撼世界!   ──約書亞‧瑋緻活(Wedgwood創辦人)   Wedgwood的瓷器「憑什麼」成為英使馬戛爾尼獻給乾隆皇的壽禮?   史景遷譯者溫洽溢，這次自己說故事，為我們揭開這樁文化趣事背後的時代意義。   一...more
",https://www.books.com.tw/products/0010814063?loc=P_0003_091
192,獻給國王的世界：十六世紀製圖師眼中的地理大發現,切特．凡．杜澤,2019-02-27,"
現存最華麗的十六世紀地圖，獻給國王也獻給你! 世紀珍藏，隨書附贈100*60公分日本進口紙全彩復刻巨幅海報  ▋本書特色 ●獨特詮釋視角，全彩硬殼精裝，大開本完整呈現現存最華麗的十六世紀地圖。 ●第一張描...more
",https://www.books.com.tw/products/0010808873?loc=P_0003_092
193,參勤交代不思議：省錢、趕路、抄捷徑!揭露「參勤交代」的祕密與謎團,山本博文,2019-02-27,"
參勤交代的隊伍竟連醃菜石都隨身攜帶!? 乍看氣派的大名行列其實多是走路工!?   宛如被老闆壓榨的上班族，考驗武士們的江戶參勤之旅!   一個個歷史記載的參勤交代小故事，揭開古道的神祕面紗與歷史祕聞!   ...more
",https://www.books.com.tw/products/0010814779?loc=P_0003_093
194,歷史的溫度(2)：細節裡的故事、彷徨和信念,張瑋,2019-02-27,"
歷史上的任何一次事件、一個人物、甚或是一段話，   在張瑋的筆下，都能呈現出一張張意想不到的面孔──   ‧聽起來很萌的「土肥圓」，是炸死東北王張作霖的特務頭子?   ‧「童話之王」安徒生，那些揚名全球的...more
",https://www.books.com.tw/products/0010814827?loc=P_0003_094
195,圖解日本民具事典：近1500張插圖描繪日本庶民生活原型,"岩井宏實,工藤員功",2019-02-20,"
專業審訂‧權威版本   最詳盡的日本庶民日常用品總覽   12大類生活道具 × 1139項民具解說 × 1500張精細插圖   透過民俗學‧歷史學觀點完整圖解   從地域差異、用途到構造   全盤掌握日本物質文化體系   何謂...more
",https://www.books.com.tw/products/0010813502?loc=P_0003_095
196,瑪莉・羅曲的「科學奇想三部曲」：不過是具屍體+活見鬼+一起搞吧!科學與性的奇異交配,瑪莉．羅曲,2019-02-19,"
另類人體研究 X 醫學史奇聞 X 現場報導 《紐約時報》暢銷作家瑪莉・羅曲的搞怪科普   鎮日研究人體祕密的專家就在你我身邊，但他們到底都在做什麼!?   降靈會裡尋找靈魂、屍體農場觀察不同的死亡狀態、參...more
",https://www.books.com.tw/products/0010813108?loc=P_0003_096
197,醫學簡史：疾病與醫學的故事，科學醫學體系的困境(二版),若伊．波特,2019-02-16,"
細數疾病與醫學的歷史糾葛， 由鮮血與膽識所編織的動人故事 數千年來，人類以各種不同的方式對抗疾病， 有的巧妙、有的古怪、有的可怕。 從放血療法到X光攝影，從簡陋的肢體割鋸到器官移植， 都是編織本書...more
",https://www.books.com.tw/products/0010813355?loc=P_0003_097
198,童話裡隱藏的世界史,朴信英,2019-01-30,"
通往世界史最精采絕倫的路! 為什麼童話裡的白馬王子總愛到處亂晃? 其實，他們是在尋找長期飯票! 從《白雪公主》、《小紅帽》等古典童話， 到《悲慘世界》、《愛的教育》、《哈利波特》等文學名著及小說，...more
",https://www.books.com.tw/products/0010808886?loc=P_0003_098
199,聖彼得堡：權力和欲望交織、殘暴與屠殺橫行的三百年史,強納森．邁爾斯,2019-01-30,"
她是詩人普希金嘴裡「俄國面向西方的窗口」 也是沙皇尼古拉二世口中「是俄國卻又不是俄國人的城市」 她的起落，見證了俄國從彼得大帝建城到普丁專政， 權力和欲望交織、殘暴與屠殺橫行的三百年史 《時代雜...more
",https://www.books.com.tw/products/0010812489?loc=P_0003_099
200,書的大歷史：橫跨歐亞大陸，歷經六千年，認識推動人類歷史的最強知識載具,凱斯‧休斯頓,2019-01-27,"
這是一部理解人類如何傳承知識的文化史， 也是一部縱觀古今、橫越東西的科技史。 在紙張、文字、印刷術的演變之下， 於政治、宗教的拉鋸之間，人類文明史上最強大的發明，究竟是怎麼形成的? 超過50張珍稀...more
",https://www.books.com.tw/products/0010811804?loc=P_0003_100
201,圖說日本大事記：1945-2017，改變與形塑現代日本的百大事件,Ken Saito,2019-01-25,"
認識「戰後日本」的最佳入門書 活潑插畫+年表清楚解說，秒懂這些形塑現代日本、深刻影響亞洲的關鍵時刻! 知名作家、媒體人──陳頤華、張維中、野島剛 好評推薦 現任天皇明仁將於2019年4月退位，平成時代也...more
",https://www.books.com.tw/products/0010811479?loc=P_0003_001
202,帝國的滋味：從探索海洋到殖民擴張，英國如何以全球食物網絡建構現代世界,莉琪．科林漢,2019-01-25,"
《衛報》、《紐約時報》、《經濟學人》好評推薦 二○一八年飲食作家公會大獎 十六世紀英國為尋找食物開始探索海洋、同時建立帝國。在此過程中，英國人消滅原住民人口，改變地景與農業系統；殖民地的精英餐...more
",https://www.books.com.tw/products/0010811484?loc=P_0003_002
203,51個影響世界經濟的關鍵大事,宮崎正勝,2019-01-22,"
歷史上發生的重大事件，都跟「金錢」脫不了干係!?   從貨幣發明、東印度公司、工業革命到   金融海嘯、一帶一路等經濟事件，   看似與我們的日常生活很遙遠，但卻息息相關!   了解歷史上的經濟大事，便能...more
",https://www.books.com.tw/products/0010810945?loc=P_0003_003
204,日本文化圖典：從古墳時代~昭和30年，4000項文化手繪圖，日本暢銷15年新裝上市!,,2019-01-22,"
~見證大和文化之美~   ★出版史上最具代表性的日本百科圖典，日本暢銷15年革新【新裝版】!   ★從古墳時代~昭和30年，4000項文化手繪圖，日本傳統與文化的演進型錄。   ★記錄的大和民族工藝技術流變，宛若日...more
",https://www.books.com.tw/products/0010811095?loc=P_0003_004
205,Flying Colors國旗的故事：世界國旗的設計、歷史與文化,羅賓•雅各布,2019-01-19,"
專家鼎力推薦 楊茂秀/毛毛蟲兒童哲學基金會創辦人 蔡淑媖/中華民國兒童學學會秘書長 賴嘉綾/作家、繪本評論者 陳玉金/兒童文學工作者 王春子/繪本作家 許匡匡/自由插畫家  這是一本關於世界上各種國旗的書...more
",https://www.books.com.tw/products/0010810845?loc=P_0003_005
206,歷史的溫度(1)：尋找歷史背面的故事、熱血和真性情,張瑋,2019-01-17,"
注意!這是一本會讓你上癮的歷史書   從清朝到現代、西方至東方，   解歷史的祕密、說故事的溫情。   ‧受人尊敬的瑪麗‧居禮夫人，曾因「神祕戀情」的曝光登上法國報紙頭條?   ‧世人稱「發明王」的愛迪生，...more
",https://www.books.com.tw/products/0010810505?loc=P_0003_006
207,看韓國宮廷劇十倍樂趣!朝鮮王朝的歷史解謎,康熙奉,2019-01-16,"
歷史長達518年的李氏朝鮮   如何 在外患內憂的雙重逼迫下   成就世界首屈一指的長壽王朝?   毀譽參半的27位君主 × 名留青史的4大偉人 × 禍國殃民的3妖女   快速認識打造亞洲新勢力的關鍵五百年   一本讀懂...more
",https://www.books.com.tw/products/0010810676?loc=P_0003_007
208,乳房的歷史：西方的宗教、家庭、政治與資本主義如何建構出乳房神話，及其解放之路【全球長銷21年經典‧成令方教授專文導讀】,瑪莉蓮．亞隆,2019-01-12,"
誰擁有乳房? 當乳房的使用權和詮釋權一再移轉，它將往何處去?  一部至今無人能出其右的女性身體文化史 幽默、尖銳，旁徵博引 全面展示了西方歷史中乳房所乘載的多元意涵及流變 完整注釋│經典重現 成令方(...more
",https://www.books.com.tw/products/0010810135?loc=P_0003_008
209,昭和上班族，月薪一百円：戰前日本社會、文化與生活,岩瀨彰,2019-01-05,"
比起愛國，他們更在乎月薪 比起思想，他們更在乎就業 從家庭收入看大正昭和年間食衣住行的和風樣貌  在那個月薪一百圓的時代，雜誌刊登升遷特輯，討論工作幾年才能成為課長?歐吉桑在銀座、新橋酒後爛醉，...more
",https://www.books.com.tw/products/0010808647?loc=P_0003_009
210,在風暴來臨之前：羅馬共和國殞落的開始,麥克．鄧肯,2019-01-05,"
民主制度終將如羅馬共和國一般，逐漸走向衰亡的命運 煽動民粹的政客、僵化失能的政體、徒有其名的選舉…… 書中每則故事都反映當代現況，讓你我反思今日的問題 希臘羅馬史研究專家、成功大學歷史系教授翁嘉...more
",https://www.books.com.tw/products/0010809682?loc=P_0003_010
211,海上的世界地圖：歐洲航線百年紀行史1861-1964,和田博文,2019-01-05,"
這是日本人的「大航海時代」 走出鎖國的德川幕末，迎接新時代的來臨 本書將跟隨日本遣歐使節、船員、藝術家和文學家的紀行， 一探東亞島國在明治維新迎向西化後，如何面對異文化帶來的衝擊? 如何透過外邦...more
",https://www.books.com.tw/products/0010809683?loc=P_0003_011
212,江戶武士吃什麼,青木直己,2018-12-28,"
壽司只有江戶有，而且便宜!   蕎麥麵是一塊一塊不是一條一條?   夏天要吃泥鰍鍋，但是挖泥鰍卻是冬季的象徵?   獵鷹時準備的餌鴿，也是武士美味的盤中餐!   武士們治感冒要喝酒、治脹氣要吃更多!   日本幕...more
",https://www.books.com.tw/products/0010807954?loc=P_0003_012
213,(漫畫圖解)不可思議的希臘神話‧歷史,芝崎みゆき,2018-12-27,"
希臘眾神的愛恨糾葛、複雜曲折的歷史， 用幽默逗趣的手法一次呈現給你!   希臘的神話實在太誇張了!   大英雄海格力斯的冒險既不勵志也不道德，根本是反面教材~   希臘的歷史實在太離奇了!   第一個拿下奧...more
",https://www.books.com.tw/products/0010809126?loc=P_0003_013
214,(漫畫圖解)不可思議的埃及古文明,芝崎みゆき,2018-12-27,"
埃及古文明的傳奇故事，一次全部告訴你!   金字塔到底有什麼魔力?   拿破崙在塔內王殿睡了一晚，隔天臉色蒼白……   珍貴的木乃伊其實數量超級多?   多到曾被當作燃料，還被胡搞的考古學家當垃圾銷毀!   神...more
",https://www.books.com.tw/products/0010809128?loc=P_0003_014
215,成人漫畫表現史,稀見 理都,2018-12-26,"
「乳首殘像」   「觸手」   「斷面圖」   「啊嘿顏」   etc...   成人漫畫特有的表現方式是何時誕生、又是如何成為「共同語言」的呢?   本書將用大量資料與證詞揭開色情漫畫的神秘面紗與不為人知的歷史。 ...more
",https://www.books.com.tw/products/0010808729?loc=P_0003_015
216,肥志百科,肥志,2018-12-19,"
如果歷史是一群喵》作者又一爆笑新作! 冷過頭╳笑掉頭 就是要你萌得滿地打滾，學的嘻嘻哈哈 用對的「姿勢」玩「知識」! 超億點閱率，破萬轉發量 給你全方位、零死角的冷知識連擊!  ☆鄉民就愛這一味 ‧你知道...more
",https://www.books.com.tw/products/0010807783?loc=P_0003_016
217,閨蜜：說八卦、宮鬥劇，女人總是為難女人。歷史上難道沒有值得歌頌的真摯情誼?,"德雷莎．布朗,瑪莉蓮．亞隆",2018-12-13,"
八卦、虛偽、爭風吃醋，女人總是為難女人， 宮鬥劇的女性友誼刻板印象，有超過2000年的歷史， 不過，這是因為女人天性如此? 還是過去的發言權都掌握在男性手上?  第一本完整討論女性友誼歷史定位的專書。 ...more
",https://www.books.com.tw/products/0010807220?loc=P_0003_017
218,日本長銷經典!宮崎正勝的飲食世界史(全套三冊),宮崎 正勝,2018-12-12,"
日本暢銷歷史作家宮崎正勝，從世界史的視野出發，   透過日常可見的食材和料理，洞悉人類文明的交流與變化   《餐桌上的世界史(全新插畫版)》   人的一生竟需吞下高達50,000公斤的食物?   當中種類之繁複...more
",https://www.books.com.tw/products/0010807075?loc=P_0003_018
219,當上帝踩到狗屎：人類世界三千年來的髒話文化史,梅莉莎．摩爾,2018-12-08,"
當你的嘴裡發出What the F**k的時候， 有沒有想過這句話的歷史?沒有，因為你只想到你自己(誤) Amazon、Goodreads千人以上高分評價 各家媒體一致推薦是本「X他娘」的語言文化史傑作 一本我長久以來遇過最吸...more
",https://www.books.com.tw/products/0010806629?loc=P_0003_019
220,改變世界的100瓶葡萄酒：無心插柳的傑作、絕妙的推測、冒險的行動和人性的脆弱，以葡萄酒為主角交織出的世界史,奧茲・克拉克（Oz Clarke）,2018-12-06,"
【好評推薦】(依姓氏筆劃排列) 王正基(社團法人台灣侍酒師協會秘書長) 林裕森(葡萄酒專欄作家) 陳定鑫(社團法人台灣侍酒師協會理事長) 陳怡樺(台灣酒研協會創辦人) 劉永智(葡萄酒暨蜂蜜自由作家) 劉源理(...more
",https://www.books.com.tw/products/0010806406?loc=P_0003_020
221,拿破崙並不矮：歷史寫錯了!埃及金字塔不是奴隸建的、美國獨立不是因為增稅、諾貝爾沒有發明炸藥，揭開那些一直被誤解的史實真相,安卓雅．芭罕,2018-12-06,"
★《衛報》年度推薦圖書 ★ 蟬聯英國、法國、美國、韓國、巴西、土耳其暢銷榜單  ◎ 沒想到，歷史可以這麼好玩!錯過這本書，你將錯過一次接近真實歷史的機會。 ◎ 解構歷史謬誤，打破根深蒂固的歷史謠言。 ◎ ...more
",https://www.books.com.tw/products/0010806411?loc=P_0003_021
222,印加與西班牙的交錯：從安地斯社會的轉變，看兩個帝國的共生與訣別,網野徹哉,2018-12-05,"
印加帝國vs.西班牙帝國── 世界史上前所未見，兩個完全相異的文明正面碰撞， 「印加」如何在帝國滅亡後仍持續保住命脈?   在安地斯山脈上形成的殖民地社會，如何與我們一般認為是主流的「世界史」接軌，最...more
",https://www.books.com.tw/products/0010806386?loc=P_0003_022
223,大日本.滿洲帝國的遺產：強人政治與統制經濟如何影響近代日韓,"姜尚中,玄武岩",2018-12-05,"
透過滿洲國孕育的鬼胎 ──「昭和妖怪」岸信介與「獨裁者」朴正熙的故事， 把大日本帝國、滿洲國，及戰後的日、韓精彩黏合。   計劃、統制經濟、國家社會主義，   「滿洲國試驗場」留給後世東亞的一筆重要遺...more
",https://www.books.com.tw/products/0010806393?loc=P_0003_023
224,人類簡史：一趟橫跨人類三百萬年的時空之旅,梅朝榮,2018-12-01,"
從人類的起源，到宇宙的終結   一把開啟人類歷史之門的鑰匙，一次掌握人類最重量級的課題，   放眼全球地理疆域、穿越古今、   追索王朝帝國的風起雲湧、集結霸權的形成與告終   「一個不知道自己出生前發...more
",https://www.books.com.tw/products/0010806973?loc=P_0003_024
225,黑龍江：尋訪帝王、戰士、探險家的歷史足跡，遊走東亞帝國邊界的神祕之河,杜米尼‧齊格勒,2018-12-01,"
源頭是蒙古，北邊是俄國，南邊是中國，亞洲帝國與民族在這裡交會 人跡最罕至、全世界第九長的神秘大河，是帝國幻夢的起點與終點，也牽動世界命運 黑龍江──中國與俄國的界河，源遠流長，蘊蓄沉重的歷史文化...more
",https://www.books.com.tw/products/0010806715?loc=P_0003_025
226,日本思想全史,清水正之,2018-11-28,"
紀伊國屋2015本屋大賞讀者票選人文書   一本從古代、中世、近世、近代、現代角度，掌握日本從古至今最具代表性的思想   細查過去的選擇與受容，思考如何在過去的積累上建構未來，正是日本思想的課題   揭...more
",https://www.books.com.tw/products/0010805496?loc=P_0003_026
227,世界歷史上的蒙古征服,梅天穆,2018-11-21,"
二十世紀七○年代，   波伊勒創造了「蒙古世界帝國」(Mongol World Empire)一詞，   梅天穆新創了「成吉思大交換」(The Chinggis Exchange)，   為我們帶來了理解蒙古征服與現代世界誕生的關鍵。   ......more
",https://www.books.com.tw/products/0010804600?loc=P_0003_027
228,35個影響歷史的關鍵大事,宮崎正勝,2018-11-20,"
只要知道35件事， 就能了解五大洋、七大洲的歷史?   再也不必死記硬背歷史課本，   歷史名家宮崎正勝，用24張地圖、35個關鍵，   教你最輕鬆的歷史記憶法!   ◎ 游牧民族才是世界史裡的扛霸子?   ◎ 波斯、...more
",https://www.books.com.tw/products/0010804277?loc=P_0003_028
229,古地圖密碼：1418中國發現世界的玄機 (二版),劉鋼,2018-11-20,"
大航海時代是誰發現美洲新大陸   哥倫布?鄭和?馬可‧波羅?   探索世界大謎團，扭轉史學界新觀點   精采度媲美《達文西密碼》   收藏家、地圖史學家劉鋼，在偶然機會下購得了《天下諸番識貢圖》摹本。   圖...more
",https://www.books.com.tw/products/0010804718?loc=P_0003_029
230,新韓國人：從稻田躍進矽谷的現代奇蹟創造者,麥可‧布林,2018-11-16,"
是統一或和平相處?我們都很想知道。   這是一本理解韓國人性格及文化的必讀之作!   韓國──一個令人又愛又恨的國家，從蕞爾小國躍進世界舞台，   不斷創造經濟、文化奇蹟，讓世人無法忽視它的影響力。   《...more
",https://www.books.com.tw/products/0010804320?loc=P_0003_030
231,蔡桑文化塾：從娛樂出發的日本史,蔡亦竹,2018-11-12,"
蔡亦竹的不正經博士鍊成術   在升學主義暗雲依舊籠罩、通識教育備受忽視的台灣，一般師長會告訴你玩樂只會浪費時間，但是蔡桑說，千萬不要小看你的興趣。   校園講台上的「歌廳秀王子」首度公開游手好閒祕...more
",https://www.books.com.tw/products/0010804380?loc=P_0003_031
232,尋找聖靈戰士：俄羅斯傳統東正教倖存史,菲利普‧馬斯登,2018-11-08,"
在莫斯科，本書作者菲利普‧馬斯登遇上了一個正在閱讀高加索地區地圖的男人。他是一名杜霍波爾教友，一名「聖靈戰士」，俄國傳統東正教的倖存者。在被迫害的年代裡，大文豪托爾斯泰、凱薩琳大帝都曾伸出援...more
",https://www.books.com.tw/products/0010803327?loc=P_0003_032
233,伊斯蘭新史：以10大主題重探真實的穆斯林信仰(隨書附贈伊斯蘭歷史年表、時間軸精美拉頁),卡蘿‧希倫布蘭德,2018-11-08,"
一本為所有人寫的伊斯蘭新史 10大主題，深入淺出，帶你重新認識伊斯蘭  ◎特別收錄作者台灣版序，附贈精美拉頁(伊斯蘭歷史年表、世界史與伊斯蘭史對照時間軸、伊斯蘭曆、古蘭經章節表) ◎本書作者為首位獲得...more
",https://www.books.com.tw/products/0010803334?loc=P_0003_033
234,繁榮的背後：財富如何形塑世界， 跨越千年的富饒之旅,威廉．伯恩斯坦,2018-11-07,"
貿易戰火升溫、經濟戰略角力、霸權地位博弈   現代經濟繁榮的演化，如何影響世界的權力天平   諾貝爾經濟學獎得主盧卡斯(Robert Lucas)：   「一旦開始思考經濟成長的起源，你就很難再想別的問題。」   年...more
",https://www.books.com.tw/products/0010803428?loc=P_0003_034
235,流罪的日本史：罪人、惡女、謀反者，如何影響日本的歷史?,渡邊大門,2018-11-07,"
一口氣放逐三個天皇!?   那時的日本，到底發生什麼事?   ◎什麼是「流刑」?   流刑，就是流放。也就是剝奪犯人的地位、名譽與財產後，再將其流放到離島或邊陲之地。   流刑並不是日本獨有的刑罰。無論在東...more
",https://www.books.com.tw/products/0010803439?loc=P_0003_035
236,看韓國宮廷劇十倍樂趣!朝鮮王朝的衣食住解謎,康熙奉,2018-11-07,"
韓國歷史劇的華麗服裝、宮廷料理、王宮生活的魅力   從華麗傳統服裝的穿法、膳食的排法到居所的格局……   了解朝鮮王朝的生活樣貌，追劇過程更添趣味!   各位欣賞韓國時代劇時，是否也曾對劇中出現的服裝與...more
",https://www.books.com.tw/products/0010803470?loc=P_0003_036
237,圖解古埃及神祇,松本彌,2018-11-01,"
~從創世~歸返冥府，50尊護佑埃及的神祇~   揭開千年創世神話，重返眾神護佑的國度   古埃及人認為神祇無所不在，   上從舉國崇拜的大神，下至達成願望的精靈，皆稱為神。   古埃及的神祇具有人類、動物、...more
",https://www.books.com.tw/products/0010802332?loc=P_0003_037
238,錫安主義：猶太復國主義的起始、終篇與續章,米爾頓‧維歐斯特,2018-10-31,"
「如果猶太人有一天真能『返家』他們接著就將發現，他們並不是同一群人。幾個世紀以來，他們在不同民族主義中生根；他們一群一群地各有不同。唯一的共同點，是使他們結合起來的壓力。」   從擔任《紐約客...more
",https://www.books.com.tw/products/0010779516?loc=P_0003_038
239,改變歷史的50種醫藥,吉爾．保羅（Gill Paul）,2018-10-27,"
【好評推薦】 李明蒼|亞東醫院新陳代謝科醫師 蔡依橙|醫師、新思惟國際創辦人 非常值得推薦給醫學相關科系學生及對醫學史有興趣讀者的好書! 雖然書名是《改變歷史的50種醫藥》，但內容是簡明西洋醫學史。...more
",https://www.books.com.tw/products/0010802227?loc=P_0003_039
240,符號的故事：從文字到圖像，45個關於宗教、經濟、政治與大眾文化的時代記憶,約瑟夫．皮爾希,2018-10-25,"
我們日常生活中常看到各種符號、標誌，但我們從來不問為什麼有這些符號?或這些符號為何這樣設計? 例如，愛心符號在解剖學上是不正確的，我們心臟跟愛心符號長得一點也不像。 或者為什麼藍牙符號是以十世紀...more
",https://www.books.com.tw/products/0010801938?loc=P_0003_040
241,穿越時空的英國生活史：漫遊中古英格蘭+漫遊伊莉莎白女皇的英格蘭+漫遊十七世紀古英國,伊恩‧莫蒂默,2018-10-16,"
不小心穿越到古代的英國? 別慌張，翻開這套書，保證你能在古代吃好穿好、橫著走路， 做個十四世紀到十七世紀的真溫拿!   皇家歷史學會會員伊恩‧莫蒂默教授，以「穿越時空」為題，   為你解答三百年間的英...more
",https://www.books.com.tw/products/0010800813?loc=P_0003_041
242,漫遊十七世紀古英國：光榮革命、理性主義、咖啡館文化誕生，奠定現代英國基礎的四十年,伊恩‧莫蒂默,2018-10-16,"
不安於室的十七世紀，為我們打開通往現代的大門   一六六〇年，克倫威爾的高壓統治畫下句點，古老的王室血統重返王位。一切看似回歸波瀾不興的「正常」生活——但表面保守的復辟時代，反而是奠定現代文化的...more
",https://www.books.com.tw/products/0010800828?loc=P_0003_042
243,餐桌上的日本史(全新插畫版),宮崎正勝,2018-10-11,"
餐桌上趣讀日本歷史!   透過壽司、蕎麥麵、味噌湯和壽喜燒…   重新認識傲視亞洲的全球第三大經濟體   以世界的歷史變動為主軸，說明日本的飲食文化是如何經過重組與演變   屬於古代時尚食品的丸子、大佛與...more
",https://www.books.com.tw/products/0010800936?loc=P_0003_043
244,文明密碼,吳寧,2018-10-05,"
我們從哪裏來?到哪裏去?   這本書以現代人類社會起源為主線，著重介紹現代人類這一支在非洲的起源、走出非洲走向世界，並如何在世界範圍內形成如此複雜和豐富多彩的人類種群。人類走出非洲後，又如何開創...more
",https://www.books.com.tw/products/0010800676?loc=P_0003_044
245,絕望的精神史(中文世界首度出版，媲美無賴派經典《墮落論》),金子光晴,2018-10-04,"
我要開始揭露「絕望」，因為這時代無法只想著幸福就能生存。 只有面對絕望的樣子，才是每個人真實的態度。 中文世界首度出版，媲美無賴派經典《墮落論》，剖析日本人的「絕望」原罪 ▍內容簡介 在懷抱著虛...more
",https://www.books.com.tw/products/0010799390?loc=P_0003_045
246,印加帝國的末日,金．麥考瑞,2018-10-03,"
關於一個燦爛的古老文明如何走向徹底毀滅的史詩故事   出版十年，仍高居印加歷史類最佳銷售書籍   五百年前，一六八名西班牙人來到今日祕魯境內與人口千萬的印加帝國發生衝突，   這場衝突像一顆巨大流星...more
",https://www.books.com.tw/products/0010799981?loc=P_0003_046
247,盛會不歇：最屈辱的年代、最璀璨的時光，納粹統治下的巴黎文化生活,艾倫•萊丁,2018-09-29,"
黯影壟罩花都，鐵蹄踏碎夢鄉。 自由意志繳械的文明舞台上，好戲不曾中場休息。 關於那個卑瑣與光輝糾結共生的時代，你不能缺席的歷史血淚直播。 反抗無罪，妥協有理! >>> 全面鋪展納粹占領時期巴黎文化生...more
",https://www.books.com.tw/products/0010799411?loc=P_0003_047
248,沙皇時代：羅曼諾夫王朝三百年史(隨書附贈精美「羅曼諾夫王朝世系海報」乙張，套書上、下冊不分售),賽門．蒙提費歐里,2018-09-29,"
劍橋大學歷史博士、大眾歷史學家蒙提費歐里繼《耶路撒冷三千年》後，又一史詩巨作 本書特別收錄陸大鵬「譯者後記」，隨書附贈精美「羅曼諾夫王朝世系海報」乙張 《泰晤士報》、《經濟學人》、《標準晚報》...more
",https://www.books.com.tw/products/0010799642?loc=P_0003_048
249,妓院風流一萬年,伊迪絲．胡格,2018-09-21,"
無論能見或不見，地下或表面，   妓院始終存在。   從古至今，由東到西，   人們的性慾需求是如此強大，   是而妓院從未在人類史上缺席。   男妓、女娼、舞女、牛郎，無一不是盛如繁花；   青樓、茶室、酒...more
",https://www.books.com.tw/products/0010799507?loc=P_0003_049
250,日本妖怪大追擊! 318大妖怪正面肖像+實力分析,難波鬼火,2018-09-14,"
~在陰陽兩界之間，妖鬼肆虐，百怪橫行~   妖力、作惡程度、速度……妖怪NO.1會是誰?!   日本318大妖怪正面肖像，決定你的最強妖怪排行榜!   ◆◆日本妖怪特徵，以及與人類的關係說明◆◆   妖怪具有三個特徵：  ...more
",https://www.books.com.tw/products/0010798069?loc=P_0003_050
251,田中先生住田中?十萬日本姓氏的溯源之旅，從起源、分布與演變軌跡解讀姓氏的歷史,森岡浩,2018-09-13,"
日本有像「佐藤」這種超過200萬人口的大姓、也有僅只一戶的珍奇姓氏， 目前已知超過10萬種姓氏，其由來隱藏著祖先留下的豐富訊息，例如： *文豪夏目漱石和原子小金剛之父手塚治虫，竟同樣出自天皇賜姓的信...more
",https://www.books.com.tw/products/0010797906?loc=P_0003_051
252,倫敦眼：兩個解釋狂的英國文化透鏡,"白舜羽,魏君穎",2018-09-12,"
《倫敦腔》第二彈之《倫敦眼》來了! *內附精緻手繪「倫敦劇場地圖」拉頁   台式鄉民田野，英式文化切片   深入倫敦的最日常   英國人到底在乎什麼?   ・好萊塢電影愛找英國演員演大反派，因為多虧莎劇磨練...more
",https://www.books.com.tw/products/0010798583?loc=P_0003_052
253,餐桌上的世界史(全新插畫版),宮崎正勝,2018-09-12,"
日本暢銷歷史作家宮崎正勝，從世界史的視野出發，   透過日常可見的食材和料理，洞悉人類文明的交流與變化   人的一生竟需吞下高達50,000公斤的食物?   當中種類之繁複、來源之多元，絕非你我能想像!   來...more
",https://www.books.com.tw/products/0010797979?loc=P_0003_053
254,再造失去的王國：俄羅斯的帝國雄心500年史,浦洛基,2018-09-08,"
20世紀，索忍尼辛：「烏克蘭很快就會看出，分離解決不了所有問題。」 21世紀，普丁：「我一直認為，俄羅斯和烏克蘭是一個民族。」 2014年烏克蘭向西方靠攏， 「迫使」俄羅斯出兵攻打自己「同胞」。 這不是...more
",https://www.books.com.tw/products/0010797614?loc=P_0003_054
255,貨幣改變文明：掌握貨幣就能掌控世界,關真興,2018-09-05,"
不做貨幣的奴隸，要做貨幣的主人 「貨幣」是一切經濟問題的核心 無所不在的貨幣，是你非懂不可的金融商品   19世紀後半，統一德國的鐵血宰相俾斯麥說過一句至理名言：   「智者向歷史學習，愚者向經驗學習...more
",https://www.books.com.tw/products/0010796699?loc=P_0003_055
256,來上一堂古埃及象形文字課,松本彌,2018-09-05,"
從書寫自己的名字開始，使用古埃及象形文字吧   認識埃及文字規則➡➡➡用來寫賀年卡。   展開以象形文為暗號的跨國溝通!   古埃及以雕刻或書寫而成的象形文字，是人類最早的文字形式之一。   乍看之下會讓人...more
",https://www.books.com.tw/products/0010797065?loc=P_0003_056
257,與珍.奧斯汀喝杯下午茶：跟著她的生平，漫遊英國人文史,海倫．艾咪,2018-09-01,"
珍人珍事不改編   從歷史看清珍相    跟《傲慢與偏見》學習階級分明的英式禮儀   從《理性與感性》窺見倫敦的腐敗   在《勸服》欣賞海濱城鎮之美   用《諾桑覺寺》告訴你小說發展史   皇家海軍有多帥?看《...more
",https://www.books.com.tw/products/0010796955?loc=P_0003_057
258,論休閒——從閒閒沒事幹到比上班還勞累，啟發消費咖啡、小說、園藝、運動賽事的一段歷史(增訂版收錄秀拉名畫書衣大海報),黎辛斯基,2018-08-30,"
你知道一周工作幾小時，但你可知道一周休閒幾小時? 休閒讓我們得享自由，或者更忙更累? 什麼都不做的休閒方式，讓你有罪惡感嗎? 周休制度並非突然就通行全球，一周七天又是誰訂定的呢? 我們一向認定屬於自...more
",https://www.books.com.tw/products/0010796469?loc=P_0003_058
259,中古歐洲三部曲套組：《諾曼風雲》、《維京傳奇》與《十字軍聖戰》,拉爾斯．布朗沃思Lars Brownworth,2018-08-30,"
中古歐洲三部曲：《諾曼風雲》、《維京傳奇》、《十字軍聖戰》首度在台面世 《紐約時報》暢榜作家，英語世界公認，最會說歷史故事的說書人：拉爾斯.布朗沃思 《諾曼風雲》簡介： 他們是維京人的後裔，現代...more
",https://www.books.com.tw/products/0010796472?loc=P_0003_059
260,世界盃足球史,傑拉德等,2018-08-29,"
2018世足賽打得火熱，現今賽程體制完善，你可知世界盃草創初期又是如何呢?   成也巴西，敗也巴西!   森巴軍團五次奪冠，也經歷了兩次猶如國殤般的慘敗，過程如何的高潮迭起?   看比利、馬那度納、羅納度、...more
",https://www.books.com.tw/products/0010796603?loc=P_0003_060
261,原來如此!日本經典品牌誕生物語,李仁毅,2018-08-16,"
隱藏在品牌裡的「人物」與「故事」，   成為跨越時代永存不滅的經典。   森永牛奶糖原來是天使帶來的天堂美味!?   不二家是造成白色情人節的禍首元兇!?   資深專欄作家 + 兩岸行銷跨界實戰王牌──李仁毅， ...more
",https://www.books.com.tw/products/0010795160?loc=P_0003_061
262,從超市向世界出發：超市裡的歷史田野,,2018-08-16,"
當你從『超市貨架上選了一樣食品放進提籃中』時， 你其實也就進入了「江湖」。   跟雜貨店或傳統市場相比，   現代意義的超市總是乾淨整齊，看不到血腥。   然而，隱藏在這賞心悅目的井然有序背後，   卻...more
",https://www.books.com.tw/products/0010796283?loc=P_0003_062
263,瘋癲文明史：從瘋人院到精神醫學，一部2000年人類精神生活全史,史考爾,2018-08-11,"
「瘋癲」一直都是你我生活的一部分。 任何想去看(或已看過)精神科醫師的人都該讀一讀。——德克.威特恩伯恩╱《亦藥亦毒》作者 瘋癲，今日稱為精神疾病。 它象徵社會中的失序，代表群體中的異常。 今日我們如...more
",https://www.books.com.tw/products/0010794814?loc=P_0003_063
264,日本妖怪圖鑑：百鬼妖繪卷,山本野理子,2018-08-10,"
國際浮世繪學會常任理事   知名浮世繪收藏家「中右 瑛」長年研究成果及監修──   葛飾北齋、歌川國芳、月岡芳年等30位浮世繪巨匠精美手繪，   128幅經典作品、67個妖怪傳說，   帶你認識百物語、江戶時代流...more
",https://www.books.com.tw/products/0010795070?loc=P_0003_064
265,被誤解的歷史套書,佟偉／編,2018-08-10,"
《中國篇》   正史唯尊，為歷史人物翻案!   撥開演義小說與藝術包裝的重重迷霧，還原被誤解的歷史真相!   三國時期，居然有比諸葛亮更才智全備的人物，   唐太宗賢明的面具下，隱藏著不可告人的祕密。   ...more
",https://www.books.com.tw/products/0010795555?loc=P_0003_065
266,世界妖怪圖鑑 神魔鬼怪,克里斯托弗‧戴爾,2018-08-10,"
~浪漫與恐怖並行的怪物狂想~ 10大類神怪淵源+81種神魔鬼怪+161種博物館珍藏 多種藝術形式呈現，探索世界神怪起源，不同文明的神靈傳說!   怪物的出現，就是為了讓諸神消滅──   世界上每一種文化都有專屬於...more
",https://www.books.com.tw/products/0010795063?loc=P_0003_066
267,世界妖怪圖鑑：奇幻動物,朱莉‧迪爾夫,2018-08-10,"
~聞所未聞的夢幻物種在哪裡?~   96幅博物館珍藏+62種奇幻動物+5大分類物種   跨越兩千多年歷史，找尋奇幻動物蹤跡，   那些存在於《魔戒》、《哈利波特》、《魔獸世界》的想像源頭從哪來?   承認吧!我們都...more
",https://www.books.com.tw/products/0010795067?loc=P_0003_067
268,世界暗黑真相：歷史產生了陰謀，還是陰謀造就了歷史?,海野弘,2018-08-09,"
永不退燒的陰謀論，是我們解讀世界的最佳APP?   世界的歷史，究竟是教科書所教的那樣正常，還是由野心暗黑勢力所操縱?   也許世界從來不是你想的那樣。而這個挖掘世界究竟為何演變的過程，樂趣超乎想像。 ...more
",https://www.books.com.tw/products/0010795200?loc=P_0003_068
269,歌舞伎完全圖鑑,辻和子,2018-08-06,"
~一口氣了解，並因此愛上歌舞伎~   日本亞馬遜五星好評!   0門檻!透過圖解展現現場難以理解的細微動作，打通觀劇的任督二脈!   ◆◆日本獨特傳統‧歌舞伎，竟是委身於快感的藝能◆◆   歌舞伎一詞，由「歌」、...more
",https://www.books.com.tw/products/0010794379?loc=P_0003_069
270,十字軍聖戰：基督教與伊斯蘭的二百年征戰史,拉爾斯．布朗沃思,2018-08-04,"
中古歐洲三部曲：《諾曼風雲》、《維京傳奇》、《十字軍東征》首度在台面世 ★英語世界公認，最會說歷史故事的作家歐洲中古史專家.布朗沃思2017年最新著作 ★Amazon 4.8分評價、Goodreads 4.4分評價 這是一...more
",https://www.books.com.tw/products/0010794114?loc=P_0003_070
271,一張圖攤開世界史：秒懂人類歷史大事件，破解文明背後的真相,"王宇琨,董志道",2018-08-04,"
真正超圖解!400張以上的清晰圖文參照， 一張圖看懂一個歷史大事件，揭開人類從遠古到文明的發展脈絡。   ‧智人因為會「講八卦」，才能登上食物鏈頂端? ‧農業革命後，人們居然過得比狩獵採集社會還辛苦? ‧...more
",https://www.books.com.tw/products/0010794121?loc=P_0003_071
272,大吉嶺：眾神之神、殖民貿易，與日不落的茶葉帝國史,傑夫•寇勒,2018-08-02,"
★2016國際烹飪專業協會(IACP)年度圖書大獎。 ★以文化、殖民的角度，探查大吉嶺茶之所以為全球頂尖紅茶的時空背景。  大吉嶺，是英國女王皇冠上不可或缺的珠寶、不列顛群島最受青睞的飲品，掌握殖民地霸權...more
",https://www.books.com.tw/products/0010793212?loc=P_0003_072
273,幽靈帝國拜占庭：從羅馬到伊斯坦堡，一窺文明的衝擊、帝國的陷落、基督教的興起、詭譎的權勢之爭……,理查．費德勒（Richard Fidler）,2018-08-02,"
★入圍澳洲日報《The Courier-Mail》民選獎(People’s Choice Award)決選 ★Goodreads網站4.2 星評價 穿梭古今，一盡拜占庭帝國的千年興衰史  二○一四年，深受拜占庭帝國歷史吸引的澳洲知名媒體人暨......more
",https://www.books.com.tw/products/0010793764?loc=P_0003_073
274,故宮院長說皇宮,李文儒,2018-08-01,"
從皇宮講述歷史，從歷史體悟文明 十五個文明、十五段興衰的「唯一現場」   斑駁磚瓦見證過的風華歲月，或許只有長年沉浸在歷史中的人能說得清。   隨著故宮院長的腳步，走進一座座皇宮，追溯皇宮的歷史，...more
",https://www.books.com.tw/products/0010794091?loc=P_0003_074
275,彩圖易讀版世界文化史年表,,2018-08-01,"
善用年表來閱覽世界文化演變的歷史 時序脈絡不混淆，一讀就通!   ►文化史搭配正史，全方位理解歷史從古至今的演變   閱讀世界史時，是不是時常覺得好像少了一個環節沒說清楚呢?   缺少的正是文化史，許多...more
",https://www.books.com.tw/products/0010794104?loc=P_0003_075
276,海權爭霸：世界7大海洋的歷史與地緣政治，全球列強戰略布局與角力,詹姆斯‧史塔萊迪,2018-08-01,"
文明的搖籃、發展與衝突、貿易戰爭、殖民爭霸、強權併吞、生態環境   海洋是世上最大犯罪現場?最多不法之地?   大海的一切，牽動著陸地上的人類，7大海洋的過去與未來如何影響世界?   萬海歸宗，一切要從...more
",https://www.books.com.tw/products/0010794230?loc=P_0003_076
277,希羅多德：歷史第一、三、四卷與中國古典和猶太聖經的對證,朱學淵,2018-07-31,"
西方歷史之父希羅多德(484~425 B.C.)與孔子(~479 B.C.)是同時代人，他記載了希臘和波斯的興衰和爭戰，還遠足高加索、埃及和東歐草原；但是他不知有中國，也未聞正在重建的耶路撒冷。然而，中國和以色列歷...more
",https://www.books.com.tw/products/0010794550?loc=P_0003_077
278,便所：從排泄空間看日本文化與歷史,屎尿．下水研究會,2018-07-30,"
以前的日本使用的噗通廁所，味道會刺得人眼睛發疼。   日本最古老的廁所是何時形成?   以前可以和馬同住屋簷下，但廁所卻在屋外?   廁所女神是美女，而且還有專屬神符，千萬別亂貼!   公共廁所太華麗，讓...more
",https://www.books.com.tw/products/0010792606?loc=P_0003_078
279,泡《錢湯》、上《便所》：日本文化再發現套書,"屎尿．下水研究會編,町田忍",2018-07-30,"
《錢湯：洗去浮世之垢的庶民社交場所》   錢湯已是日本重要且特殊的文化一環，全盛時期全日本有一萬八千多家錢湯，至今減為不到四千家。   日本民俗學家町田忍看著逐漸消失的錢湯，想要留下美好的記憶，並...more
",https://www.books.com.tw/products/0010792613?loc=P_0003_079
280,噓!你沒聽說的世界史：那些歷史書沒說的暗黑緋聞，改寫你的世界觀!,李珠銀,2018-07-28,"
歷史是以什麼為養分成長的呢? 如果說歷史只呈現出被史學家紀錄下的那1%故事，那被隱藏的其它99%才是最真實有血有肉的動人事跡。王室成員們不被允許的戀愛、圍繞著權力的殘忍陰謀與算計、貴族名流不為人知...more
",https://www.books.com.tw/products/0010793428?loc=P_0003_080
281,讀畫解謎世界史：120幅畫，隱藏改變全球經濟的24個關鍵事件,宋炳建,2018-07-22,"
羅馬經濟的白人奴隸、產業間諜及知識財產外流、日本震災重建，統統隱藏在畫中   用視覺填補歷史很多的洞，用眼睛建構經濟全球化的風景   從畫中發現「全球化瞬間」的關鍵線索，理解世界史的脈絡   你會發...more
",https://www.books.com.tw/products/0010792976?loc=P_0003_081
282,Contesting the Myths of Samurai Baseball：Cultural Representations of Japan’s National Pastime,Christopher T. Keaveney,2018-07-20,"
Almost right from the introduction of baseball to Japan the sport was regarded as qualitatively different from the origi......more
",https://www.books.com.tw/products/0010793483?loc=P_0003_082
283,百年早餐史：現代人最重要的晨間革命，可可、咖啡與糖霜編織而成的芬芳記憶,克里斯穹‧葛塔魯,2018-07-19,"
從吃早餐的小歷史，到飲食文化塑造現代文明的大歷史   就讓世界甦醒的味道──早餐!縈繞百年的文化美味，喚醒精氣神，滿足文化之欲   法國聖迪耶國際地理節獎、2008年聖德尼獎得主克里斯穹‧葛塔魯提醒我們：...more
",https://www.books.com.tw/products/0010792479?loc=P_0003_083
284,二戰史轉型正義套書：《零年：1945年，現代世界的夢想與夢碎之路》+《殘酷劇場：藝術、電影、戰爭陰影》,伊恩・布魯瑪,2018-07-17,"
沒有人天生是魔鬼：一次收藏《紐約書評》主筆、歐洲公共知識份子 伊恩・布魯瑪的史學代表作——《零年》 +《殘酷劇場》   ★《零年：1945年，現代世界的夢想與夢碎之路》簡介   「歷史最重要的是詮釋。   錯...more
",https://www.books.com.tw/products/0010792637?loc=P_0003_084
285,希臘之道(《希臘羅馬神話》作者，最具權威的希臘文化詮釋者伊迪絲‧漢彌爾頓初試啼聲成名作，進入希臘古典世界不二之選),伊迪絲‧漢彌爾頓,2018-07-12,"
《希臘羅馬神話》作者伊迪絲‧漢彌爾頓初試啼聲成名作! 進入希臘古典世界不二之選，長銷90年歷久不衰。 希臘人喜歡事實，並厭惡誇大。   所以我們只告訴你事實：希臘誕生，我們所熟知的世界於焉開始!   要...more
",https://www.books.com.tw/products/0010791965?loc=P_0003_085
286,交會的所在：追尋亞美尼亞人的蹤跡(新版),菲利普‧馬斯登,2018-07-12,"
殲滅者與被殲滅者，最終是誰在地表上刻下永恆的文字?  苦心鑽研八年，旅行四年 越過二十道邊界，走遍亞美尼亞人聚居的每寸土地 只為尋找亞美尼亞人慘遭大屠殺的真相!  「我越過了二十道邊界才到這裡……這裡...more
",https://www.books.com.tw/products/0010791603?loc=P_0003_086
287,日本縣民性學問大：文化人類學家的47都道府縣性格大調查,祖父江孝男,2018-07-11,"
比星座血型更神準的縣民性觀察! 文化人類學家帶你從縣民性綜觀日本國民性 ★完全提升你的制縣等級★  何謂「縣民性」?   日本各個地區在飲食習慣、價值觀、方言都略有不同，甚至連居民的個性都不太一樣!   ...more
",https://www.books.com.tw/products/0010791787?loc=P_0003_087
288,失落的猴神古城：深入宏都拉斯最險惡叢林，解開消失五百年的巨大遺跡之謎,道格拉斯‧普萊斯頓,2018-07-05,"
馬雅文明之後， 我們還可能在中美洲叢林深處，發現更宏偉的古老文明嗎?  盛傳五百年的神祕白城傳說， 少數從未有人涉入、仍原封不動的失落城市， 我們對它一無所知，直到現在!   ★《紐約時報》、《華爾街...more
",https://www.books.com.tw/products/0010790817?loc=P_0003_088
289,維京傳奇：來自海上的戰狼,拉爾斯．布朗沃思,2018-07-05,"
中古歐洲三部曲：《諾曼風雲》、《維京傳奇》、《十字軍聖戰》首度在台面世 縱橫歐洲三百年，攻無不克的海狼傳奇 ★《紐約時報》暢榜圖書 ★長駐Amazon北歐歷史榜圖書前十名 ★書評網站Goodreads 千人以上4顆...more
",https://www.books.com.tw/products/0010790810?loc=P_0003_089
290,圖解日本人論：日本文化的村落性格解析(博客來獨家封面版),蔡亦竹,2018-07-04,"
以民俗學為手術刀，以日本史為病歷 徹底解剖「地表最令人不解」的日本人原型 從對於死亡汙穢恐懼、對群體決策型態的仰賴 到強調內外之分、同儕壓力大到足以將人逼瘋 台灣第一本帶你透過放大鏡檢視「何謂日...more
",https://www.books.com.tw/products/0010791116?loc=P_0003_090
291,美國的反智傳統：宗教、民主、商業與教育如何形塑美國人對知識的態度?,理察．霍夫士達特,2018-07-04,"
反智，不只是風潮，而是美國深層文化的一部分。   兩屆普立茲獎得主--理查.霍夫士達特   從美國建國歷程、宗教傳統、政治體制、與商業精神中，挖掘美國的「反智」根源。   「這是美國史學史上一部傳世的傑...more
",https://www.books.com.tw/products/0010791237?loc=P_0003_091
292,筆尖上的世界史：形塑民族、歷史和文明的故事力量,馬丁‧普赫納,2018-07-01,"
哈佛大學人氣課程「Hum 10人文經典」講師權威作品，關於書寫最波瀾壯闊的身世追尋之旅!   最驚人的十六幕，是文學的故事，也是世界的歷史。   因為閱讀，我們得以與過去交談，和未來對話。   隨著書寫，帝...more
",https://www.books.com.tw/products/0010790423?loc=P_0003_092
293,探險家們的寫生簿：70位探險家的冒險生平與探索世界的偉大熱情(博客來獨家贈探索寫生筆記),"休．路易斯-瓊斯（Huw Lewis-Jones）,卡麗．赫爾伯特（Kari Herbert）",2018-06-28,"
英國《衛報》年度十大旅行類好書 全彩精裝，27.8 x 20.3cm大型開本，收錄超過300張珍貴彩圖，完整珍藏70位探險家生平及手繪紀錄 「這本書一再的提醒我，筆墨的力量無遠弗屆。」 ──《故道：以足為度的旅行...more
",https://www.books.com.tw/products/0010787917?loc=P_0003_093
294,被誤解的印度大歷史：被忽視與不容忽視的文明國度,弗朗索瓦．高堤耶,2018-06-28,"
你所不了解的印度，你從來不知道的印度，你以為的印度…… 被誤解的文明，被錯寫的歷史，被冤枉的真相…… 就在這個新世紀，重新獲得平反!   印度文明的起源比任何古老文明還要早，其實它是從西元前5000年就開...more
",https://www.books.com.tw/products/0010790217?loc=P_0003_094
295,黑人的靈魂,杜博依斯,2018-06-22,"
杜博依斯──二十世紀最偉大的非裔美國思想家   畢生獻身於提升黑人同胞的地位與福祉，被譽為現代社會學之父、泛非洲主義之父   成名作《黑人的靈魂》為美國文學史重要著作出版逾一世紀，繁體中文譯注版首度...more
",https://www.books.com.tw/products/0010789924?loc=P_0003_095
296,足球是圓的：一部關於足球狂熱與帝國強權的全球文化史(上下冊不分售),大衛．哥德布拉特,2018-06-09,"
少了足球，世界史就不完整! 世界盃是史上最多人觀看的活動，是唯一真正由國際大眾共同參與的時刻…… 生活在全球化的世界中，你怎麼能不懂足球! ★專文推薦 石明謹│資深足球球評、詩人、社會觀察家 ★ 熱血推...more
",https://www.books.com.tw/products/0010788801?loc=P_0003_096
297,黑土：大屠殺為何發生?生態恐慌、國家毀滅的歷史警訊,提摩希‧史奈德,2018-06-08,"
已故歷史學家東尼‧賈德：史奈德是我一九八九年之後一直期待的那類人的典範：研究東歐的一代美國學人。……   史奈德的敘事功力，令人想起同樣任教於耶魯大學歷史系的中國史學家史景遷(Jonathan Spence)教授...more
",https://www.books.com.tw/products/0010789032?loc=P_0003_097
298,解密iPhone,布萊恩．麥錢特,2018-06-07,"
「這是一本令人傾倒的書……麥錢特啟程前往全球各地，從加州的設計工作室，到南美洲的礦場，到中國的工廠，訴說這台指標性裝置背後的人文故事——那破碎的婚姻，那失去的生活。你再也無法以同樣的眼光看待手中...more
",https://www.books.com.tw/products/0010788319?loc=P_0003_098
299,歷史學家的海怪地圖：中世紀地理座標上最神祕的符號、航海傳說及寰宇冒險,切特．凡．杜澤,2018-06-07,"
★大英圖書館珍藏全彩印刷圖片，最華麗的海怪地圖集。 ★全書近三百個註釋，見證海怪在地圖歷史上的重要足跡。 ★深入研究古代地圖與難得一見的海怪系譜學。  對中世紀與文藝復興時代觀看地圖的人而言，歐洲...more
",https://www.books.com.tw/products/0010788330?loc=P_0003_099
300,諸神的魔法師：失落文明的智慧,葛瑞姆‧漢卡克,2018-06-07,"
全球暢銷1億冊古文明經典《上帝的指紋》最新續作 21世紀最新科學及考古證據，解開失落文明存在之謎! 1995年《上帝的指紋》中揭示了這個失落文明的存在。 當時缺少確鑿的證據，現在我們有了!  u全球授權英...more
",https://www.books.com.tw/products/0010788332?loc=P_0003_100
301,上帝的指紋【暢銷紀念版】(上),葛瑞姆‧漢卡克,2018-06-07,"
掀起古文明熱潮始祖，探索古文明經典之作 共譯成30種語言版本，全球銷量突破1億冊 長踞亞馬遜古文明暢銷書榜、《星期日泰晤士報》暢銷書榜超過20年歷久不墜! 《紐約時報》、DISCOVERY頻道權威推薦!  隱藏...more
",https://www.books.com.tw/products/0010788793?loc=P_0003_001
302,上帝的指紋【暢銷紀念版】(下),葛瑞姆‧漢卡克,2018-06-07,"
掀起古文明熱潮始祖，探索古文明經典之作 共譯成30種語言版本，全球銷量突破1億冊 長踞亞馬遜古文明暢銷書榜、《星期日泰晤士報》暢銷書榜超過20年歷久不墜! 《紐約時報》、DISCOVERY頻道權威推薦!  古埃...more
",https://www.books.com.tw/products/0010788794?loc=P_0003_002
303,發現時代：駕馭21世紀的機遇與風險，實現成就非凡的第二次文藝復興,"伊恩‧戈爾丁,克里斯‧庫塔納",2018-06-06,"
《金融時報》∕麥肯錫年度最佳商業圖書獎入選 Goodreads閱讀社群網站5顆星讀者肯定 Amazon網路書店4.5顆星熱烈好評 《衛報》、《赫芬頓郵報》重磅推薦   我們的時代，是新的文藝復興時代。   這個時代，沉...more
",https://www.books.com.tw/products/0010787283?loc=P_0003_003
304,日本鐵道解剖圖鑑,岩間昌子,2018-06-05,"
~嚴選日本60條鐵道路線~ 日本最受歡迎的鐵道完全攻略， 規劃一場結合景色與歷史的鐵道旅行。 【本書特色】   ◎ 5大主題，60條日本經典路線：   懷舊鐵道、地方路線、路面電車、單軌電車……60條主題路線以復...more
",https://www.books.com.tw/products/0010788029?loc=P_0003_004
305,神與性：聖經究竟怎麼說,麥可．庫根,2018-06-05,"
在聖經的大千世界中，「性」幾乎無處不在 隨著識途嚮導穿越時空，走訪一趟豐富深刻的性文化之旅   聖經學者麥可.庫根，以性/性別/情慾作為切入聖經世界的獨特視角，活用說故事的手法及慧黠犀利的文筆，引...more
",https://www.books.com.tw/products/0010788889?loc=P_0003_005
306,Miya字解日本：食、衣、住、遊(新版),茂呂美耶,2018-06-02,"
日本迷不可不讀、日劇狂更不可錯過的《MIYA字解日本》， 讓MIYA以字為經、故事為緯，帶你神遊日本文化。  雖然凡事都會時過境遷，不過，有些事依然如書中所述。例如，我最常吃的「一人鍋」依舊是「湯豆腐...more
",https://www.books.com.tw/products/0010787258?loc=P_0003_006
307,日本天皇，原來如此!從生前退位問題探秘萬世一系天皇文化的歷史與發展,倉山滿,2018-06-02,"
‧萬世一系的天皇體制為何能傳承125代而未發生易姓革命? ‧為什麼沒有政經實權的天皇能夠成為日本人心中最尊貴的存在， 連權傾一時的武家或戰後主掌日本命運的麥克阿瑟都不敢擅動皇室? ‧為何天皇想生前退位...more
",https://www.books.com.tw/products/0010788110?loc=P_0003_007
308,圖外之地：39個從地圖上逃逸的地理異數，一場新烏托邦的世界探尋,阿拉史泰爾．邦尼特,2018-05-31,"
▎版權熱銷12國《地圖之外》最新續作 又一部值得珍藏的地圖探索之書! ▎ 「我們都搭上了疾駛且迷失方向的地理列車，不知道將前往何方，也不能下車。我們能做的，就是睜大眼睛，緊抓不放。」 英國地理學家阿...more
",https://www.books.com.tw/products/0010787247?loc=P_0003_008
309,立志做一個高貴的羅馬人：歡迎參加羅馬帝國一天公民體驗營,傑利‧透納,2018-05-31,"
讓真正尊貴的羅馬貴族告訴你，羅馬人是如何建立偉大的羅馬帝國!   羅馬人為什麼能建立幅員遼闊的羅馬帝國?   羅馬文化為什麼能成為西方文明的典範?   馬庫斯.希多尼斯.傅可斯，這位身處上層社會的羅馬人，...more
",https://www.books.com.tw/products/0010788147?loc=P_0003_009
310,趣看，法蘭西,雍宜欽,2018-05-28,"
◎「料理鼠王」的法文片名怎麼沒有「老鼠」這個字?法國美食只有蝸牛、鵝肝醬和松露嗎?鹽酥雞和奶茶是臺灣的國民美食，而法國的人間美味則是麵包、乳酪配紅酒。   ◎擦桌子，我們用抹布。在法國都用海綿。古...more
",https://www.books.com.tw/products/0010788263?loc=P_0003_010
311,漫遊伊莉莎白女皇的英格蘭：養馬比養跑車還貴、環遊世界比上太空還危險、買棟房子比買群羊還容易，讓你意想不到的英國古代史,伊恩‧莫蒂默,2018-05-22,"
在榮光女王的統治之下，被譽為「輝煌年代」的十六世紀英國 其實領土超小、又臭又髒， 英國「紳士」甚至集體罹患中二病、靠爸族，既暴力又常常玻璃心碎滿地?!   在現代的影視戲劇中，伊莉莎白一世女王總是...more
",https://www.books.com.tw/products/0010786743?loc=P_0003_011
312,茶之書：日本文化的神髓所在,岡倉天心,2018-05-16,"
從「茶」到「美」 對比近代歐美的物質主義文明與東洋的傳統精神文化 出版逾百年 西方理解東方文化的指南讀本   《茶之書》的作者——岡倉天心(一八六三到一九一三)，生於日本橫濱，父親原為福井藩士，後受命...more
",https://www.books.com.tw/products/0010786075?loc=P_0003_012
313,原來，這才是日本：做決定很迅速、生活成本不高、愛上臺灣環島……野島剛的34個文化深度探索,野島剛,2018-05-15,"
最理解台灣讀者需求的日本作家，寫出最不一樣的日本視野 野島剛深入連在地人都不自覺的日式思維， 讓你秒懂社會脈絡裡隱藏的大學問， 看見日本的真實模樣，就從這些事開始!   原來，日本人不排斥被稱為「...more
",https://www.books.com.tw/products/0010786199?loc=P_0003_013
314,諾曼風雲：從蠻族到王族的三百年,拉爾斯．布朗沃思,2018-05-12,"
中古歐洲三部曲：《諾曼風雲》、《維京傳奇》、《十字軍聖戰》首度在台面世 全新中文譯本，作者專為台灣讀者作序 《紐約時報》暢榜圖書、Amazon 4.3分評價、Goodreads 3.9 分評價、中國豆瓣網站 7.6 分評...more
",https://www.books.com.tw/products/0010785494?loc=P_0003_014
315,非洲失落的白色部落：探險家、科學家與一段改變人類命運的假說,羅賓森,2018-05-10,"
一個來自聖經的故事， 一個你從未聽聞的假說， 如何讓無數知識分子、探險家、納粹領導者著迷不已? 最終，對二十世紀的人種屠殺起了推波助瀾的作用。 非洲刮起的「白色」旋風 傳教士李文斯頓失蹤了!一八七...more
",https://www.books.com.tw/products/0010785847?loc=P_0003_015
316,辣椒的世界史：橫跨歐亞非的尋味旅程，一場熱辣過癮的餐桌革命,山本紀夫,2018-05-10,"
小小的辣椒，竟是扭轉飲食文化的重要關鍵! 500年前才遲遲傳入歐亞的它， 何以改變近代味覺體驗，讓辣味成為生活中不可缺的一部分。 你知道嗎── 在過去時代，辣椒遠比黃金更有價值 小小辣椒竟然可以改變黑...more
",https://www.books.com.tw/products/0010785850?loc=P_0003_016
317,日本論：一個外交家的日本風俗、政治、文化考,戴季陶,2018-05-09,"
媲美《菊花與劍》   「中國人論日本的最高傑作」   「要切切實實的，鑽到他社會裡面去。」   上世紀前葉，身處中日政治核心的戴季陶寫下了《日本論》，企圖將日本視為客觀研究對象，以自身的思索評判能力...more
",https://www.books.com.tw/products/0010786020?loc=P_0003_017
318,製作路易十四：從藝術作品、紀念章、機密文件等檔案，窺看統治者的權利與權力,彼得．柏克,2018-05-05,"
在位七十二年的國王，在各種包裝下與真實的他又有何差距? 戴假髪、披斗篷、穿高跟鞋的路易十四，真的比較有氣勢? 被「製作」出來的路易十四，與今日政治人物相比又有何不同? 「我們可以明顯看出，國王的威...more
",https://www.books.com.tw/products/0010785528?loc=P_0003_018
319,藥物獵人：不是毒的毒 x 不是藥的藥，從巫師、植物學家、化學家到藥廠，一段不可思議的新藥發現史,"唐諾．克希,奧吉．歐格斯",2018-04-28,"
|向人類大歷史中的藥物獵人致敬!| 從藥學研究和制度變遷，看到藥房、藥師、藥廠、藥學院的起源故事， 前科學時期的千年藥草學，如何發展成現代兩百年的醫藥化學， 翻開藥物獵人的筆記， 跟著絕命毒師的腳...more
",https://www.books.com.tw/products/0010784612?loc=P_0003_019
320,亂入時空旅行團：帶你完美路過兩千年來20個歷史現場,"大衛．戈布雷,強尼．艾克頓,詹姆斯．威利",2018-04-19,"
甭上博物館，忘掉歷史書，放棄弱爆的VR吧!   碗糕(Wag)時空旅行社，提供史上最偷偷摸摸的穿越之旅，   讓你完美融入歷史現場，毫無破綻喬裝路人甲，   親身圍觀最真實的歷史!   ‧想到19世紀倫敦水晶宮使用...more
",https://www.books.com.tw/products/0010784111?loc=P_0003_020
321,怪奇京都：神佛-魑魅魍魎同行的異類古都巡訪,三線,2018-04-14,"
街頭巷尾都是詩意的京都， 暗藏替人受苦的揪甘心地藏傳說， 讓人不寒而慄的妖怪、怨靈故事， 你把哪些地方當景點意外捕捉下來了呢? 踏出京都車站總能感覺有別其他縣市的靜謐感，或許是因為當地充滿神社、...more
",https://www.books.com.tw/products/0010782801?loc=P_0003_021
322,洋風和魂：日本如何在戰後歷史與文化交流中保存了美國時尚風格,W.大衛・馬克思,2018-04-03,"
本書是一扇誘人的窗，讓人窺見文化、時尚與歷史三者如何相互交織，彼此影響。——《華爾街日報》   從完美復刻的軍裝外套，到以老式梭織機織成的復古丹寧褲，從某一點上來看，日本的男裝可說是封存了美式服...more
",https://www.books.com.tw/products/0010782942?loc=P_0003_022
323,中東心臟：沙烏地阿拉伯的人民、宗教，歷史與未來,凱倫．伊利特．豪斯,2018-04-03,"
世界最大石油產國、伊斯蘭世界的領導者、   全球最後一個絕對君主專制大國，   沙烏地阿拉伯的轉型十字路口!   僵化保守的伊斯蘭教派、腐敗無能的王族、   消極認命的民心、缺乏團結的國家意識……   人民看...more
",https://www.books.com.tw/products/0010782943?loc=P_0003_023
324,菊與刀： 日本文化的雙重性格(2018全新修訂版),露絲．潘乃德,2018-04-03,"
問世超過七十年的日本研究經典 二戰後美日國際關係史中的關鍵文獻 以西方視角解構日本多元而矛盾、自抑卻狂放的人文特質   日本是個極其矛盾的民族，柔美的花與剛烈的刀可以同時被人尊為至美而剛柔相濟。…...more
",https://www.books.com.tw/products/0010783024?loc=P_0003_024
325,榮耀之城.伊斯坦堡：位處世界十字路口的偉大城市,湯瑪士．麥登,2018-03-29,"
如果你是羅傑.克勞利《1453：君士坦丁堡的陷落》的忠實讀者 就不能錯過講述這座榮耀之城3000年史的史詩巨作 它，曾是凱撒之城，也曾是蘇丹之都， 千百年來屹立在歐亞的十字路口上，看盡成王敗寇、世事滄桑...more
",https://www.books.com.tw/products/0010782241?loc=P_0003_025
326,黃金之城，杜拜：阿拉伯世界最受矚目的現代化歷程，締造金錢的天堂與煉獄,Jim Krane,2018-03-24,"
各界誠心推薦： 公視董事長/陳郁秀 政大外語學院院長/鄭慧慈 搭飛機上下班的OL/李亭瑩Camy ★連續八年，出版至今蟬聯Amazon阿聯歷史分類排行之冠 ★第一本深入了解杜拜歷史、文化、財經與中東形勢的專書 有...more
",https://www.books.com.tw/products/0010781940?loc=P_0003_026
327,外帶一杯世界史：從世界之都、重要理念、最酷發明、英雄與惡魔……等視角趣看人類歷史,亞歷山大．封．笙堡,2018-03-22,"
史書界的濃縮咖啡：超濃郁、超有深度、超級提神! 且看幽默大師笙堡如何從特殊視角看人類歷史! 農業革命雖讓食物不虞匱乏，卻也讓悠閒度日成為絕響?! 使徒保羅不僅讓基督教大眾化，更是「個人主義」的首創...more
",https://www.books.com.tw/products/0010781451?loc=P_0003_027
328,大醫精誠：香港醫學發展一百三十年,梁卓偉,2018-03-16,"
「所謂『大醫』，並非甚麼神乎其技、聲名顯赫，關鍵在於精誠：『精』是醫術學問的精研，『誠』則是用心唯誠，竭誠於本業與職責。」──梁卓偉   香港大學醫學院成立一百三十年來，從首屆的兩名畢業生︰孫中...more
",https://www.books.com.tw/products/0010782601?loc=P_0003_028
329,偷書賊：建構統治者神話的文化洗劫與記憶消滅,安德斯‧李戴爾,2018-03-15,"
為了建構德意志帝國的正當性與統治者的不敗神話， 一場組織縝密的偷書計畫席捲了全歐洲… 然而納粹竊取的不僅是書本，更奪走了其他民族的文化傳統與歷史記憶。 ★榮獲2018年瑞典班特揚森基金會大獎(Bengt Ja...more
",https://www.books.com.tw/products/0010780399?loc=P_0003_029
330,倫敦1666：一座偉大城市的浴火重生,賀利思（Leo Hollis）,2018-03-10,"
面臨絕路，他們全力思考出路 ──從現代倫敦的誕生一窺英格蘭的政治與文化基因 一代人的才智與堅忍，在災害與憂患之中，閃爍發光。 翻轉英國命運，就看這關鍵半世紀。 「日不落帝國」不是一日造成的。倫敦在...more
",https://www.books.com.tw/products/0010780644?loc=P_0003_030
331,鳥瞰古文明：130幅地中海城市復原圖，獻給歷史繼承者的「古城市之詩」,尚‧克勞德‧高爾文,2018-03-09,"
~130幅城市復原圖，重現古文明全景~ 眺望城市復原圖，我們看見了時間，又超越了時間。 以地中海沿岸為中心，九大地域，八十八座城市復原圖， 獻給歷史繼承者的「古城市之詩」。   若我們思考存在，試圖定...more
",https://www.books.com.tw/products/0010781053?loc=P_0003_031
332,古埃及象形文字(套書),松本彌,2018-03-09,"
~一揭古老帝國的神祕傳奇~ 莎草紙上的動人祕密   在古埃及人所處的時代，   無論是自然、風土，抑或這些所帶來的浩瀚恩澤等，   天地萬物皆是以象形文字來表示。   它平易寫實，卻也抒情如詩，   遙遠的文...more
",https://www.books.com.tw/products/0010781055?loc=P_0003_032
333,裏日本的幸福 酒井順子的陰翳巡禮,酒井順子,2018-03-06,"
無所匱乏、欲求又多的時候，人很容易會看不見某些事情，   但有些歡喜，真的要待在『背後』才懂得。   社會文化觀察家 酒井順子   繼《敗犬的遠吠》、《無子人生》後   沉澱人生重新體會裏日本的美好   日...more
",https://www.books.com.tw/products/0010779639?loc=P_0003_033
334,江戶那些事：穿越三百年老東京，原來幕府將軍和庶民百姓是這樣過日子的,山田順子,2018-03-02,"
歡迎來到老東京!     《仁醫》、《天皇的御廚》等人氣時代劇考證家，帶你穿越到江戶!   在這裡，要上廁所請上便所專用船，   家裡缺洗衣精?請到豆腐店!   門簾越髒的壽司店，生意越好?   姑娘們最嚮往的工...more
",https://www.books.com.tw/products/0010779509?loc=P_0003_034
335,春藥：從神話、宗教與社會，探討人類服用春藥的文化意涵,"瑞奇,穆勒-艾貝林",2018-02-13,"
本書橫跨歐亞美非四大洲的俗民世界史 討論春藥與性別的關係、春藥的歷史角色 挑戰當代理性背後的愛欲禁忌與春藥認知   情慾世界有太多神祕、痛苦、憂鬱，或無能為力，遂有了情慾操控。   人們希望有一種藥...more
",https://www.books.com.tw/products/0010777900?loc=P_0003_035
336,從黎明到衰頹：今日文明價值從何形成?史學大師帶你追溯西方文化五百年史(問世18周年典藏版，上下冊),巴森,2018-02-11,"
◆人類文明最具關鍵性的五百年史，二十世紀最重要的文化史巨作◆ 「這不是一本普通的史書，而是一位博雅老人一生讀書與反思的最後結晶!」──余英時 ◎ 問世18周年典藏版，大開本全新排版校訂 為何西方文明成為...more
",https://www.books.com.tw/products/0010778675?loc=P_0003_036
337,手寫時代：從寫字到打字，一部五千年的人類書寫文明史及未來,安．特魯貝克,2018-02-07,"
在一點一橫間，我們寫下歷史；在一撇一豎間，我們貼近彼此； 面對一個可能消逝的手寫時代， 我們需要的，是多一點的理解，以及迎向改變的勇氣。  一同回顧人類的書寫文明，看見手寫的無窮面貌與可能性! 專...more
",https://www.books.com.tw/products/0010777981?loc=P_0003_037
338,瘋狂簡史：誰定義了瘋狂?(新版),羅伊‧波特,2018-02-07,"
即使是瘋狂，他們的瘋狂也是時代的產物。   ◎一本非典型的精神醫病史   二十世紀初，《英國醫學期刊》以樂觀的語氣說：「比較1800年與1900年的醫學知識與技術，沒有一個醫學部門獲致的進展比得上治療瘋狂...more
",https://www.books.com.tw/products/0010777845?loc=P_0003_038
339,遊牧民的世界史,杉山正明,2018-02-07,"
掀起華人知識圈大論戰的蒙元史專家杉山正明第一部中譯本   在近代史之前的歐亞大陸，觀察成為歷史大動因的遊牧國家狀況，在以其為主軸展開的歐亞大陸世界史當中，重新檢視「國家」與「民族」——這就是本書...more
",https://www.books.com.tw/products/0010777857?loc=P_0003_039
340,圖解人類大歷史,InfoVisual研究所,2018-02-06,"
20萬年前誕生了智人，從此人類贏得生存競爭，成為地球的主宰! 掌握20個智人的祕密，了解改變人類與整個世界的轉捩點。 翻轉人類命運的認知革命、農業革命、科學革命， 視覺化圖表一看就懂!   人類，經歷了...more
",https://www.books.com.tw/products/0010778031?loc=P_0003_040
341,圖解忍者大百科,山北篤,2018-02-05,"
真正的忍者其實和你想的不一樣!! 透過100個主題解析活躍於日本歷史背後的影子軍團   行動時迅速又無聲無息，就像一道稍縱即逝的黑影。若不能即時察覺他們的存在，那唯一沒有包裹在全黑裝束下的冷靜雙眼可...more
",https://www.books.com.tw/products/0010778173?loc=P_0003_041
342,拓犮黎的歷史(節譯本1)：伊斯蘭教前時期,穆罕默德．本．賈里爾．拓犮黎,2018-02-05,"
本書為《拓犮黎的歷史：譯文①-⑤》(即第一部份的五冊譯文)之摘譯本，本書除將於本 (2018)年元月底上市外，且將於二月6-11日藉本書坊參展2018年臺北國際書展期間，于參展攤位B728以七折特價嘉惠所有購書者外...more
",https://www.books.com.tw/products/0010779221?loc=P_0003_042
343,拓犮黎的歷史(節譯本1附冊)：手稿插畫,徐正祥,2018-02-05,"
本附冊的附圖為《拓犮黎的歷史〔節譯本 ①〕》中的附圖之彩色版，著者期冀透過本附冊，除了讓讀者能進一步了解阿拉伯與伊斯蘭著作方面的一些特色，即其手稿中的插圖所呈現的功能與精美外，順便在此介紹有關...more
",https://www.books.com.tw/products/0010779226?loc=P_0003_043
344,食物、文化、與戰爭:十個引爆人類世紀衝突與轉折的食物歷史,湯姆•尼倫,2018-02-03,"
專業推薦(依姓名筆畫順序) ★李明璁/台大社會系助理教授 ★謝哲青/作家、知名節目主持人 .本書獲衛報的評選為2016年最佳食品書。 在戰爭，瘟疫，革命和移民期間，人們也得吃飯。他們吃什麼和怎麼樣吃，引發...more
",https://www.books.com.tw/products/0010777418?loc=P_0003_044
345,日本邊陲論,內田樹,2018-02-02,"
日本著名文化評論家內田樹代表作《日本邊陲論》，台灣首度出版!   「我們一直在追求外界的典範，否則便無法決定自己的位置。只有在模仿他者的慾望時，我們才知道自身的慾望何在。」——內田樹   何謂日本人?...more
",https://www.books.com.tw/products/0010778145?loc=P_0003_045
346,猶太人：世界史的缺口，失落的三千年文明史──追尋之旅(西元前1000-1492),西蒙‧夏瑪,2018-02-02,"
歷史的至暗處，有光   這是個獨一無二的故事，屬於個人，屬於民族，屬於全世界   猶太人建立牢不可破的民族團結感，是一個沒有敵人能摧毀的無形神廟，是世界上最堅固的神廟。   沒有猶太人的故事，歷史就...more
",https://www.books.com.tw/products/0010777504?loc=P_0003_046
347,古埃及象形文字 日常生活篇,松本彌,2018-01-26,"
~一揭古老帝國的神祕傳奇~ 莎草紙上的動人祕密   在古埃及人所處的時代，   無論是自然、風土，抑或這些所帶來的浩瀚恩澤等，   天地萬物皆是以象形文字來表示。   它平易寫實，卻也抒情如詩，   遙遠的文...more
",https://www.books.com.tw/products/0010777024?loc=P_0003_047
348,傷風敗俗文化史：十五個改寫人類文明的墮落惡習,羅伯‧埃文斯,2018-01-23,"
文明的進步，來自於吃喝嫖「毒」! __________________________ 亞馬遜書店4.5顆星推薦，一部讓你笑到捨不得把書闔上的文明史 __________________________   + 在帳篷裡燒大麻+   + 用......more
",https://www.books.com.tw/products/0010775792?loc=P_0003_048
349,New Views地圖大數據：自然、政治、人文景觀，50張地圖看懂瞬息萬變的世界,阿拉史泰爾．邦尼特 Alastair Bonnett,2018-01-13,"
║打開一本地圖集就擁有全世界║ ★★★暢銷書《地圖之外》作者最新作品★★★ 全球九種語言版本，上市兩個月銷售55,000本! 我們居住的地球，到底是什麼樣子? 透過現代衛星資訊與地質地理科技，加上快速發展的大數...more
",https://www.books.com.tw/products/0010775135?loc=P_0003_049
350,誰怕黃禍?!：關於黃禍論的全面性研究(二版),羅福惠,2018-01-10,"
中世紀歐洲的歷史記憶 成了21世紀的新議題   21世紀中國經濟崛起，國際政治上，也扮演了舉足輕重的角色，更勾起了中世紀歐洲的歷史記憶，黃禍論又成了當前熱門的議題，引發熱烈的討論。    本書在諸多的黃...more
",https://www.books.com.tw/products/0010775940?loc=P_0003_050
351,時光的製圖學：由時間軸拉開的人類文明史,"丹尼爾‧羅森堡,安東尼‧格拉夫頓",2018-01-06,"
=本書特色= 首部彙整時間軸、年代圖表製作的文獻綜覽大全 全書近三百張古今彩圖 點線面、年月日隔代貫通 打開人類文明的時光珍奇屋 ★台灣書市第一本人類歷代時間年表製圖專著 ★全書以全彩、雪銅紙高規格精...more
",https://www.books.com.tw/products/0010773141?loc=P_0003_051
352,詭圖：地圖歷史上最偉大的神話、謊言和謬誤(精裝),愛德華．布魯克希欽,2018-01-06,"
★狂賀!本書榮獲文化部第41次中小學生讀物選介.人文社科類獲選書目★ 人類勇於探索未知，遠赴險地，征服困境，驗證夢想的偉大過程! 英國亞馬遜地圖製圖學與大地測量學類，銷售排行榜第一名 讀者五顆星優秀評...more
",https://www.books.com.tw/products/0010774800?loc=P_0003_052
353,紙的世界史：承載人類文明的一頁蟬翼，橫跨五千年的不敗科技成就,馬克．科蘭斯基,2018-01-06,"
人類最偉大的科技發明，歷史由黑暗走向光明的關鍵 在電子媒體興盛、紙本書日漸衰微的現代，透過爬梳紙張的千年發展歷程 反思人類如何走到今天，以及在接下來的世代中，人類將如何向前邁進 AMAZON 4.0分、G...more
",https://www.books.com.tw/products/0010774801?loc=P_0003_053
354,圖解 古埃及文明：這樣認識古埃及真有趣,近藤二郎,2017-12-30,"
文化部「第40次中小學生優良課外讀物評選推介活動」必讀推薦!  從歷史、建築、人文、神話等全方位認識古埃及， 包含最新考古發現及學說，為你揭開繁盛5千年前的高度文明全貌!  古埃及既神祕且充滿了謎題。...more
",https://www.books.com.tw/products/0010771133?loc=P_0003_054
355,古埃及象形文字 自然風土篇,松本彌,2017-12-29,"
~一揭古老帝國的神祕傳奇~ 莎草紙上的動人祕密   在古埃及人所處的時代，   無論是自然、風土，抑或這些所帶來的浩瀚恩澤等，   天地萬物皆是以象形文字來表示。   它平易寫實，卻也抒情如詩，   遙遠的文...more
",https://www.books.com.tw/products/0010774158?loc=P_0003_055
356,天才、瘋子、大字典家：英國百年機密檔案解密，人類文明史上最龐大的英語字典編纂傳奇,賽門‧溫契斯特,2017-12-29,"
一本工具書的誕生，打開世界史的一頁，也吹響人類文明的號角 電影《牛津解密》改編原著預計在4 / 19上映 梅爾吉勃遜×西恩潘×金獎團隊共同打造史上最偉大字典編纂傳奇!    奧立佛‧薩克斯(Oliver Sacks)盛讚...more
",https://www.books.com.tw/products/0010773902?loc=P_0003_056
357,上癮五百年(第三版),大衛‧柯特萊特,2017-12-29,"
藥物流通史最完備的一部著作   一八八一年間，一位西班牙醫生接生了一個死嬰，他狠狠吸了口雪茄朝嬰兒臉上一噴，本來死寂的嬰兒開始抽動，接著臉部一扭，哭出聲來。這嬰兒即是畢卡索。   為什麼咖啡、菸草...more
",https://www.books.com.tw/products/0010775398?loc=P_0003_057
358,絲綢之路,劉迎勝,2017-12-22,"
涵蓋人口44億、經濟規模21兆美元、沿線國家60多個 習近平 最具野心的雄圖霸業 不可不懂「一帶一路」的根源歷史!   中亞草原史大師 劉迎勝博士    應聯合國之邀 擔任國際科學考察隊隊長 三次親歷黃沙征程  ...more
",https://www.books.com.tw/products/0010773775?loc=P_0003_058
359,日本傳統文化事典,中村義裕,2017-12-20,"
旅日必讀 留日必備 不需要專業就能輕鬆閱讀的日本文化大全 從歌舞伎、富士山、姬路城到和食…… 9大領域 × 200條日本文化及習俗解說 × 200張精彩圖片 讀完這一本 誰都能侃侃而談一口好「日本」   ‧寶塚女星...more
",https://www.books.com.tw/products/0010773168?loc=P_0003_059
360,此生必讀的52個古埃及謎團：帶你進入金字塔、木乃伊、法老的奇妙世界,解讀歷史編輯部,2017-12-13,"
神祕古埃及 帶你進入金字塔、木乃伊、法老的奇妙世界   Open Fild   .高聳的金字塔充滿哪些難解的建築難度?當中還有哪些神奇的能量?   .太陽船是帶領法老死後航向另一個世界和重回人間的交通工具，指的是...more
",https://www.books.com.tw/products/0010772780?loc=P_0003_060
361,哈日解癮雜貨店,林翠儀,2017-12-05,"
來唷!來唷!看過來，激安殿堂不稀奇，週年慶閃邊站，現在最流行從山珍包到海味的雜貨店，什麼都有，什麼都賣，什麼都不奇怪!   日本文化重度成癮者入魂的一冊!   《哈日解癮雜貨店》提供您嘲諷全開的生猛自...more
",https://www.books.com.tw/products/0010771964?loc=P_0003_061
362,黃禍：從傅滿州看西方人的東方恐懼,弗瑞林,2017-12-02,"
從〇〇七、蝙蝠俠、神鬼奇航到鋼鐵人， 都可以找到最典型的壞蛋：高瘦、禿頭、兩撇鬍子，看起來陰險猙獰， 他是傅滿州，一個名聲響亮不下於福爾摩斯與德古拉爵士的經典角色， 是百年來中國恐懼的代表，化...more
",https://www.books.com.tw/products/0010771416?loc=P_0003_062
363,麥加，伊斯蘭千年聖城：文明的崛起與變調，穆斯林最深沉的傾訴,佶亞伍丁‧薩爾達爾,2017-11-29,"
麥加──專屬伊斯蘭信徒的天堂入口 台灣第一本關於麥加的書!要了解伊斯蘭，必須先從麥加開始!   當石油財富湧現，金錢成為麥加人的新真主，全世界都在討論伊斯蘭，伊斯蘭的信仰中心卻為世人所忽略!   你一生...more
",https://www.books.com.tw/products/0010771296?loc=P_0003_063
364,古希臘原來是這樣!?：神廟不是白的，大海不是藍的，阿波羅不愛工作，宙斯其實沒那麼花……,藤村Sisin,2017-11-23,"
神廟不是白的，大海不是藍的，阿波羅不愛工作，宙斯其實沒那麼花……   歷史教科書不會寫、老師在課堂上不會說，古希臘眾神與人們自由奔放的真實生活面貌!   日本古代希臘、希臘神話研究者藤村Sisin的《古希...more
",https://www.books.com.tw/products/0010770714?loc=P_0003_064
365,西方文明的文化基因,梁鶴年,2017-11-21,"
一本人人都能讀懂的西方文明史 在《槍炮、病菌與鋼鐵》《殺戮與文化》之外，提供新的視角   現代西方的發展模式帶來了高度的物質發展水平，但是不可持續。可是，要改變方向幾乎是不可能的，就像旅鼠上了路...more
",https://www.books.com.tw/products/0010770034?loc=P_0003_065
366,往返之間：戰前臺灣與東亞文學‧美術的傳播與流動,國立政治大學圖書館數位典藏組,2017-11-17,"
「2016政治大學數位史料與研究論壇」以「往返之間」為主題，將由國、內外學者與研究生發表越界性、跨區域性與文學、美術相關議題的演講與論文。主要聚焦於文學、藝術與文化互動之間的關係，從具體的藝文作...more
",https://www.books.com.tw/products/0010770923?loc=P_0003_066
367,俄羅斯方塊：從誕生、版權之爭到風靡全球的故事,丹．艾克曼（Dan Ackerman）,2017-11-09,"
情節猶如節奏明快的冷戰驚悚片 結合企業間諜、法庭戲、國際陰謀 《舊遊戲時代》、《電腦玩家》雜誌創辦人 徐人強 蘋果共同創辦人 史蒂夫.沃茲尼克(Steve Wozniak) ——好評推薦 沒玩過俄羅斯方塊?但你肯定聽...more
",https://www.books.com.tw/products/0010769282?loc=P_0003_067
368,香料漂流記：孜然、駱駝、旅行商隊的全球化之旅,蓋瑞・保羅・納卜漢,2017-11-02,"
2014年Gourmand Award最佳阿拉伯飲食文化圖書大獎 香料發展是鍊金術也是化學、是文化史也是自然史 是飲食帝國主義也是跨大陸與跨文化的合作 帶領讀者在埃及石棺中，解讀兩千三百年前香料交易的銘文 從市集...more
",https://www.books.com.tw/products/0010768555?loc=P_0003_068
369,日本神社解剖圖鑑2,"平藤喜久子,本間美加子",2017-11-01,"
~生活萬事求神社!神祇庇佑範圍大指南~ 「我想結婚」、「我想變有錢人」、「我想考上第一志願」， 能夠接受這些任性請求的地方，非神社莫屬了!   ◆◆神社跨世代技能大升級，寵物平安、電腦乖乖、想中頭彩，...more
",https://www.books.com.tw/products/0010768963?loc=P_0003_069
370,世界史聞不出的藥水味：那些外國名人的生老病死,譚健鍬,2017-10-31,"
疾病也許是名人最見不得人的事情之一， 隱瞞則似乎是他們的傳統。   希特勒無法自主控制的顫抖、席維斯史特龍的面無表情、史達林清晨起床卻走不出臥室、晚年的莫內再也畫不出繽紛色彩……   這些名人到底怎...more
",https://www.books.com.tw/products/0010767953?loc=P_0003_070
371,血與土：一部種族屠殺與滅絕的世界史,班・基爾南,2017-10-25,"
Ben Kiernan持續深入研究種族滅絕和危害人類罪。他曾揭露關於赤柬暴行的機密文件。其著作令人重新認識二十世紀的柬埔寨及種族滅絕這個歷史現象。這本 新書—首部橫跨古今各地的種族滅絕史—是其一大成就。  ...more
",https://www.books.com.tw/products/0010769793?loc=P_0003_071
372,北歐萬有理論：北歐人本vs.美國夢，美好生活的終極探求,安努‧帕特寧,2017-10-25,"
英國前工黨黨魁米勒班(Ed Miliband)：「想實現美國夢，就去芬蘭吧!」 未來已經率先降臨在北歐國家，學習北歐經驗的國家都能受惠!   北歐福祉vs.美國夢，何者是台灣百廢待興的終極解答?   治國者必看，想過...more
",https://www.books.com.tw/products/0010768312?loc=P_0003_072
373,瑞士不一樣：顛覆你對最強小國的想像,瑰娜（陳雅惠）,2017-10-25,"
深入小國的第一手文化觀察，原來，這才是真實的瑞士人 ★你所不知道，最有趣而古怪的瑞士幽默和生活哲學!★   從強國環伺，缺乏天然資源的小小國，蛻變成文化多元、和平安定的富裕國度，不一樣的人們在大自...more
",https://www.books.com.tw/products/0010768326?loc=P_0003_073
374,十字軍：伊斯蘭觀點,卡蘿‧希爾布蘭登,2017-10-18,"
「開創性的著作。」 —Jonathan Riley Smith   「為東西兩方關係的歷史帶來卓著貢獻。」—Anne-Marie Eddet   這是一本開創性的著作，它的價值，不只在於詳細的實地報導，還有卡蘿‧希倫布蘭德為西方學者指引...more
",https://www.books.com.tw/products/0010767501?loc=P_0003_074
375,大人的醫學課：從放血、針灸，到疫苗、X光、器官移植，一條血淚交織的人體探索之路,安‧魯尼,2017-10-17,"
「人啊，真是一個傑作!」     「醫學不只是一種科學，它也是藝術。並不僅僅只是抓藥和貼藥膏而以，它面對是生命的過程，我們必需先了解這個過程，才能夠做出改變。」──帕拉塞爾蘇斯(1493-1541)      幾千...more
",https://www.books.com.tw/products/0010767721?loc=P_0003_075
376,你還沒讀過的世界史：史學大師帶你從人類商業活動看出歷史背後不為人知的真相,玉木俊明,2017-10-07,"
「英國曾經成為世界霸主的真正原因?」「歐洲大戰曾經發生過三次!?」「人類為什麼會從遊牧生活轉而為定居生活?」世界各個角落都充滿著「老師也不知道」的知識，許多即便是博學的教師也不見得知道的新事實以...more
",https://www.books.com.tw/products/0010766373?loc=P_0003_076
377,錢湯：洗去浮世之垢的庶民社交場所,町田忍,2017-10-01,"
為什麼錢湯建築跟寺廟、神社那麼相似?   江戶錢湯多是男女混浴?還有湯女、三助幫人刷身體?   錢湯裡的富士山圖為何不畫楓紅景色?   錢湯的二樓，是極樂祕境?   溫泉越來越受歡迎，錢湯為什麼現況瀕危?    ...more
",https://www.books.com.tw/products/0010764605?loc=P_0003_077
378,冰層裡的航線：探險家與掠奪者的千年北極史詩,菲利普．哈特菲爾德,2017-09-30,"
全方位匯集歷史、文化、地理脈絡的第一本北極史 尋覓最偉大的航道，穿越最神祕的冰封世界 120張珍貴地圖與素描圖片，帶你進入北極的探險世界 【冰層融化之際，最偉大的神祕航道終於現身】 北極，這個冰封...more
",https://www.books.com.tw/products/0010764826?loc=P_0003_078
379,你從哪裡來?一個字聽出你的故鄉──為什麼要懂語言學，語言學大師的40堂精采入門課，增進生而為人的獨有天賦,大衛‧克里斯托,2017-09-30,"
耶魯大學出版 享譽全球語言學大師 《英語憑什麼!英語如何主宰我們的世界》作者大衛40堂精華課 台灣大學語言學研究所教授江文瑜專文推薦 ▶人為什麼在牙牙學語時期，總是被稱讚「好可愛」?到了成人時期，如...more
",https://www.books.com.tw/products/0010765529?loc=P_0003_079
380,十月革命：宣傳版畫與國際報導精選,徐宗懋圖文館,2017-09-30,"
二○一七年是俄國革命一百周年! 史上著名的「十月革命」研究，一百年來並不少見，不過，透過俄國內戰期間(1918-1922)的政治宣傳畫來挖掘當時的社會背景和革命歷程，在中文世界是第一次嘗試。本書的第一部，...more
",https://www.books.com.tw/products/0010765710?loc=P_0003_080
381,瘋關西：探索日本文化心臟地帶,克莉絲朵．韋倫,2017-09-27,"
若無悠久綿長的歷史 讓它逃過二戰期間的轟炸 日本文化的心臟——關西地區 無法跳動迄今 一本直探大和本質的絕妙散文集 現代版本的《菊與刀》京阪神篇 美國人類學家帶你了解關西、理解日本   日本多山，南北...more
",https://www.books.com.tw/products/0010763068?loc=P_0003_081
382,失控的人性 日本酷刑史,日本史神祕研究會,2017-09-26,"
現在許多國家已不採用「死刑」，但一如大家所知，今天的日本依然存在死刑。   不過，包含日本在內，即使是這些仍存在死刑制度的國家，幾乎都已改用不會造成不必要痛苦的方式執行。   此外，現在日本對罪犯...more
",https://www.books.com.tw/products/0010765719?loc=P_0003_082
383,蛋糕裡的文化史：從家族情感、跨國貿易到社群認同，品嘗最可口的社會文化,艾莉莎‧萊文,2017-09-25,"
談蛋糕，就該五花八門地談，談到意猶未盡!   習得厄爾瑪「廚房裡的閒話家常」的精神真傳，烹飪聖經《廚藝之樂》的蛋糕文化版!   1.嚐原料：從麵粉、糖、奶油、蛋，到蜂蜜、香料、果乾、巧克力，看見跨國貿...more
",https://www.books.com.tw/products/0010765383?loc=P_0003_083
384,看不見的歐洲史：貴族X情慾X文化雜交,葉小辛,2017-09-25,"
安全”性""警告 正史無法顯示該內容，欲知詳情請入內   肉慾橫流、男歡女愛、嗜血殘暴、互通雜交   成就一個你意想不到的歐洲   課本寫的，你學過了嗎?   教科書與歷史故事中的亞歷山大沒有變成好基友，凱撒...more
",https://www.books.com.tw/products/0010764684?loc=P_0003_084
385,教堂經濟學：宗教史上的競爭策略,"蘇鵬元,賴建誠",2017-09-09,"
經營超過2000年，信徒人數世界第一，基督宗教是如何辦到的? ◎清華大學經濟系榮譽教授賴建誠將帶領讀者以經濟學之眼，重新理解宗教的另一面向。 宗教救贖人心，面對競爭與威脅，該如何拯救自己? *一個宗教...more
",https://www.books.com.tw/products/0010763614?loc=P_0003_085
386,從領土變遷看世界史：用14組地圖看懂當今區域紛爭與國際衝突,八幡和郎,2017-09-07,"
◎俄羅斯為什麼甘冒國際制裁風險，也堅持要併吞克里米亞? ◎長年爭取獨立的庫德族，怎麼會成為消滅伊斯蘭國的障礙? ◎日本和韓國外交上爭吵不休，竟然只是為了兩座島嶼? ◎中國與印度戰爭一觸即發，兩國邊界到...more
",https://www.books.com.tw/products/0010763176?loc=P_0003_086
387,茂呂美耶日本文化物語三書,茂呂美耶,2017-09-05,"
說日本、寫日本第一人──茂呂美耶 傳說中的日本文化入門，流麗呈現大和之美。   Miya旁徵博引、知性優雅的文字，外加她對世情人間犀利又略帶幽默的觀察，使得她成為日本風俗文化書寫作者中，顯得格外有韻味...more
",https://www.books.com.tw/products/0010763443?loc=P_0003_087
388,日本神社解剖圖鑑,米澤貴紀,2017-09-01,"
~日本各地求神指南!~   足以誇耀世界的傳統魅力，   一生必定要探訪一次!      從鳥居、社殿、門、塀、垣、狛犬、神紋圖案的意義，   到源自《古事記》、《日本書紀》中遠古神明與其庇護內容等，   日本各...more
",https://www.books.com.tw/products/0010762209?loc=P_0003_088
389,信仰的開花：日本祭典導覽,林承緯,2017-08-21,"
★台灣第一本日本祭典專著   ★全書收錄超過380張精美圖片   ★日本國立大阪大學博士・民俗學者林承緯教授，集結歷年田野研究成果，引領讀者深入認識日本獨特的信仰文化，體驗日本祭典的精神與美感!   日本有...more
",https://www.books.com.tw/products/0010761782?loc=P_0003_089
390,香料共和國：從洋茴香到鬱金，打開A-Z的味覺秘語,約翰‧歐康奈,2017-08-17,"
從中世紀至今的香料史和廚房烹飪史! 香料，讓你身心和味蕾都歡欣鼓舞，為你勾勒世界的版圖! 埃及艷后為什麼以番紅花和馬奶沐浴? 十八世紀的苦艾酒為什麼會讓人充滿幻覺? 在遙遠印尼島嶼上收獲的丁香如何進...more
",https://www.books.com.tw/products/0010761033?loc=P_0003_090
391,靖國問題,高橋哲哉,2017-08-09,"
靖國神社的功能 究竟是為了「追悼」抑或「彰顯」? 長期以來議論得沸沸揚揚的「靖國爭議」 問題的癥結為何? 日本累印超過30萬冊 戰後歷史不容錯過的另類「日本人論」 透過哲學視角 深入淺出 全面性探討全日...more
",https://www.books.com.tw/products/0010760512?loc=P_0003_091
392,解剖維納斯：腐壞與美麗，150具凝視十九世紀死亡迷戀以及遐想的永恆女神,喬安娜．埃本斯坦,2017-07-29,"
★全球唯一全面深入探討解剖學蠟像的全彩圖集。 ★從宗教、科學、藝術、哲學、心理學等範疇，揭開世紀以來解剖學的一大謎團。 ★本年度最異色的絕美圖集，書中收錄366張圖片，涵蓋全世界150具稀有蠟像，體現...more
",https://www.books.com.tw/products/0010759166?loc=P_0003_092
393,色彩的履歷書：從科學到風俗，75種令人神魂顛倒的色彩故事,卡西亞‧聖‧克萊兒,2017-07-27,"
色彩，不只左右了藝術的發展，更形塑了我們的文化世界   為什麼藍色是暖色?綿羊是紫羅蘭色?   每種顏色的誕生，都跟人類歷史、神話傳說、自然演化有關……   75種色彩的性格側寫、75種顏色的解碼正名，   這...more
",https://www.books.com.tw/products/0010759490?loc=P_0003_093
394,武士：東瀛戰士的虛與實，生與死,林錚顗,2017-07-20,"
史上最富盛名的戰士統治階層 其獨特的行事邏輯與美學 深深暈染了一整個民族的精神風貌   .只要懷著平常心，不懂劍術的茶師也能勝過一流高手?   .武士若都忠心耿耿、抵死不降，幾次戰爭下來豈不是早已死光?...more
",https://www.books.com.tw/products/0010758819?loc=P_0003_094
395,衣櫥裡的人文學：由鈕扣和縫線縱橫交織的時尚人文探索,金弘基,2017-07-15,"
日常的穿著，就是我們生活的歷史與樣貌 它訴說著一個時代的渴望與我們存在的意義 證明我們的獨特與價值 現在，打開你的衣櫥吧，你的衣服會告訴你，你是誰 曾有人說過，透過你的穿著，可以知道你的心情，甚...more
",https://www.books.com.tw/products/0010757930?loc=P_0003_095
396,京都，其實很可怕：毛骨悚然地名巡禮,淺井建爾,2017-07-06,"
現在活力十足的京都街道 過去是怨靈的集散地 天真的少女們前往參拜祈求姻緣的寺廟 當初是為了封印怨靈而建造的…… 京都處處都是「鬼」地方! 充滿爭戰、暗殺等血腥的歷史足跡   一名計程車司機載著女性乘客...more
",https://www.books.com.tw/products/0010755836?loc=P_0003_096
397,伊斯蘭怎麼了：地圖解讀跨越千年的穆斯林文化,私市正年,2017-07-05,"
一個宗教如何影響整個世界? 為什麼恐怖份子的自殺式攻擊層出不窮? 從更廣闊的歷史背景中，理解伊斯蘭敵意背後的動向和事件   ◎一本鉅細靡遺帶你認識伊斯蘭的入門書   ◎揭開伊斯蘭文化背後的矛盾與美好，洞...more
",https://www.books.com.tw/products/0010756879?loc=P_0003_097
398,文字的祕密：從甲骨文、羅賽塔石碑到表情符號，重新認識文字穿越時空的演變史,安德魯‧羅賓森,2017-07-03,"
優美的字符，神祕的意義，失傳的讀音，謎樣的聯結…… 人類最偉大的發明──文字   美觀的楔形文字、神祕的象形文字、奇妙的馬雅符號，這些古老文字令人好奇而神往。然後，經過學者專家的譯解後，卻發現其內容...more
",https://www.books.com.tw/products/0010756403?loc=P_0003_098
399,拿破崙不是敗在滑鐵盧戰役而是金融戰爭：從「金錢的流動」發現5000年歷史的意外事實,大村大次郎,2017-07-01,"
會計師查帳司空見慣， 但當稅務人員翻起「世界史」這個大帳本時會發現什麼? 從錢追權，跟隨國稅官的腳步，進行別開生面的歷史大調查 古羅馬帝國原來是因為「逃稅」滅亡的； 擊沉西班牙無敵艦隊的是消費稅...more
",https://www.books.com.tw/products/0010756461?loc=P_0003_099
400,關於發明的100個故事,夏潔,2017-06-30,"
每一件平凡物品的背後，都有一個不平凡的故事──     你知道嗎?   「牙刷」居然是中國皇帝的發明?    「糖果」的由來，居然是杏仁沾蜂蜜?   而呆呆的土木工程師，又是如何發明了家事救星「吸塵器」?   抽水...more
",https://www.books.com.tw/products/0010757764?loc=P_0003_100
401,崇拜京都：秒懂!千年古都背後的神祇文化、歷史與民俗行事,三線,2017-06-22,"
一本書秒懂京都 用神祇文化勾勒出古都的傲嬌根源 貼近民俗視角 抽絲剝繭找出傳唱千年的歷史因果 京都神社寺院之所以聞名世界是為什麼? 應該對症下藥的聖域，你真的拜對了幾個? 各有來頭的占卜祈願名所，其...more
",https://www.books.com.tw/products/0010755210?loc=P_0003_001
402,關於西方典故的100個故事,劉思湘,2017-06-16,"
以典繫文，以文明典。 在故事裡了解典故，在典故裡了解西方文化。   看似單純的典故背後，有著曲折豐富的故事，有來自西方神話、聖經、文學、歷史、民間流傳千年……   每一個故事都有豐富的知識與史料，認...more
",https://www.books.com.tw/products/0010756277?loc=P_0003_002
403,面白日本：穿梭大街小巷 掀揭探看市井間的文化樣貌,神奇裘莉,2017-06-14,"
從超市觀察到職場生態 從說話技巧到準備伴手禮的眉眉角角 為你介紹超有趣、最好懂的日本生活潛規則   *日本大媽買蔬果也是會捏捏看的   *日本人其實很勇於說不   *買土產重視的不是味道?   *意外地「性保...more
",https://www.books.com.tw/products/0010754704?loc=P_0003_003
404,關東vs.關西：不能輸的美味執著,博學堅持俱樂部,2017-06-02,"
日本料理戰什麼東西? 是什麼造成關東關西一邊一國的美味差異?   高湯、醬油、味噌、豆腐、壽司、鰻魚…   東京人和大阪人的口味居然大不相同?   從歷史文化、地理環境到風土人情，   為你揭開關西人喜歡清...more
",https://www.books.com.tw/products/0010752028?loc=P_0003_004
405,城市地底的城市：文明會在地上湮滅，歷史卻必在地底集結，全球八十大地底建築大解密，喚起你的希望、恐懼與記憶。,"保羅‧多伯拉茲克,卡洛斯‧羅培茲‧蓋爾維茲,布萊德利‧蓋瑞特",2017-05-25,"
打開「地底」的歷史，為什麼往往能知道未來?   ◎川普在美國墨西哥邊界蓋高牆，鐵定沒用，這裡的地底歷史早就說了。   ◎什麼歷史因素導致拿坡里雨後會滿街屍體?亡者會託夢、活人為何要認養骸骨?   ◎杜拜地...more
",https://www.books.com.tw/products/0010752469?loc=P_0003_005
406,計時簡史,賽門‧加菲爾,2017-05-25,"
愛因斯坦、霍金沒告訴過你的時間文化史   《週日泰晤士報》年度文化類選書   《觀察家》週刊年度最佳科學書籍   透過文化的鏡頭，   一探人類如何干擾鐘擺速率，操控時間秩序；   對時間愈發瘋狂的執著，...more
",https://www.books.com.tw/products/0010753094?loc=P_0003_006
407,神國日本：小泉八雲眼中的日本(復刻典藏本),小泉八雲,2017-05-15,"
祭祀文化、社會組織與神道傳統是如何形塑日本的國民性與文化? 現代怪談文學鼻祖小泉八雲，引領世界揭開日出之國的神祕面紗。   「這個國家的人民，凡事莫不治以博愛的精神，一切行為莫不律以義務，一切物...more
",https://www.books.com.tw/products/0010751289?loc=P_0003_007
408,歷史中國的內與外：有關「中國」與「周邊」概念的再澄清,葛兆光,2017-05-12,"
葛兆光教授十年前開始推動「從周邊看中國」研究計劃，把日本、韓國、越南等地保存的有關中國史資料作為「新材料」，試圖提供重新認識東亞和中國的多重視角與立場。為此，葛教授陸續出版了《宅茲中國：重建...more
",https://www.books.com.tw/products/0010752420?loc=P_0003_008
409,政體、文明、族群之辯：德川日本思想史,呂玉新,2017-05-12,"
本書探究十七至十九世紀日本數個重要學派的產生與論爭。作者詳考原始文獻，論證西學東漸與明末思想對日本的影響，在此基礎上提出異於學界通識之新說。作者指出初期水戶學具有尊虛君敬幕府之深意，古學主論...more
",https://www.books.com.tw/products/0010752421?loc=P_0003_009
410,東亞視域中的「中華」意識,張崑將,2017-05-10,"
「中華」或是「中國」對周邊國家而言，從來都不是不證自明，甚至在中國本身，也是處於流轉變化當中。本書所收錄十篇文章共分為四大部分：【第一部】藉由「拓跋國家」的構想，重新探討漢唐間中國概念的變化...more
",https://www.books.com.tw/products/0010752158?loc=P_0003_010
411,酒杯裡的謀殺：從飲酒文化到反酒駕運動的百年發展史,拜仁．勒那,2017-05-06,"
★全球最權威的酒駕歷史及其防制全紀錄 為什麼在無數的悲劇和重罰下， 許多人還是輕易地選擇了酒駕? 不要酒後駕車──這條規則看似再簡單不過，卻太常被眾人所漠視。雖然消滅酒駕的歷史差不多和汽車的存在一...more
",https://www.books.com.tw/products/0010750725?loc=P_0003_011
412,塞納河畔第二十九號座席：法蘭西學術院與法國四百年史,阿敏．馬盧夫,2017-05-06,"
自一六三四年創院以來， 有十九任院士成為第二十九號座席的主人， 他們所經歷的，是法國轉變最鉅的四個世紀，更是讓人類社會徹底轉型的四百年。 一張經歷四百年的扶手椅， 乘載著十八任主人的思想與精神，...more
",https://www.books.com.tw/products/0010751084?loc=P_0003_012
413,京都，其實你不懂：內行人才知道的賞玩門道,京都幸福俱樂部,2017-05-04,"
ようこそ歡迎來到名為「京都」的「和風主題樂園」!   為了讓您有趟更有深度更暢快的旅程，在出發前請詳閱本書。     ※注意※   最新的旅遊景點及必吃的美食資訊，本書一概不予以介紹。   這不是一本分享在...more
",https://www.books.com.tw/products/0010750045?loc=P_0003_013
414,日本人默默在想的事：野島剛由小見真的文化觀察,野島剛,2017-05-02,"
自認是日本通的臺灣人，你真的了解日本人嗎? 野島剛況味十足的「日本原來如此」文化觀察 外表循規蹈矩的日本人，心裡卻是這麼想的!   日本人性開放，竟然是從江戶時期就開始?   臺灣的便利商店，有個特殊...more
",https://www.books.com.tw/products/0010750133?loc=P_0003_014
415,改變歷史的50條鐵路,比爾‧勞斯,2017-04-29,"
自鐵路誕生以來，它的軌道一路貫穿了人類的歷史， 跟著本書看鐵路如何推動交通工具變革，進而影響整個世界的發展。 超過250幅精緻繪圖、史實照片與藝術作品； 超過15萬字的生動論述與有趣故事； 從文化...more
",https://www.books.com.tw/products/0010750350?loc=P_0003_015
416,拓犮黎的歷史(中譯本概介)(精裝),徐正祥,2017-04-28,"
本書的內容包括三大部份：(一)作者與其著作的介紹，(二)中譯本的編譯，及(三)索引、附錄與書目的製作。在前言中，首先對整個中譯本所使用的音譯系統作一介紹，接著，在第一部份中，針對原作者阿布.佳厄法...more
",https://www.books.com.tw/products/0010751061?loc=P_0003_016
417,拓犮黎的歷史 第一部分：伊斯蘭教教前時期(譯文1-5)(精裝),穆罕默德．本．賈里爾．拓犮黎,2017-04-28,"
《拓犮黎的歷史》中譯本第一部份包括了譯文①-⑤這五冊，其主要在提供伊斯蘭教奠立(即公元622年)前的中東歷史。作者利用許多早期傳述與著作等資料，依其發生的時序，以生動有趣的筆觸，把中東地區族群的傳說...more
",https://www.books.com.tw/products/0010751064?loc=P_0003_017
418,改變世界的30個重要發明：酒、紙、眼鏡、時鐘、鐵路……，扭轉人類食‧衣‧住‧行的關鍵物品,造事務所,2017-04-27,"
人類許多重大發明，竟源自某人的「不經意」﹖ 今日看似平凡無奇的物品，卻是當初提升文明層次的轉捩點﹖ 從30個發明，看見改變世界的關鍵力量!   生活在極度便利、舒適的21世紀，我們習慣每天使用電腦、時...more
",https://www.books.com.tw/products/0010750069?loc=P_0003_018
419,物語日本：劍客、忍者、幽怪談,茂呂美耶,2017-04-27,"
物語不朽! 15週年經典再現 說日本、寫日本第一人──茂呂美耶 傳說中的日本文化入門，流麗呈現大和之美。 全新創作+最新增訂之經典30話   ★全新創作   〈北辰一刀流‧千葉周作〉   一窺幕末之志士坂本龍馬，...more
",https://www.books.com.tw/products/0010750085?loc=P_0003_019
420,維梅爾的帽子：揭開十七世紀全球貿易的序幕,卜正民,2017-04-27,"
★十週年新修版 ★全新台灣版作者序，看見台灣在全球貿易史的位置 ★增加多幅圖片，幫助讀者進入畫中世界，一窺全球化的祕密   歐洲在十六、十七世紀所經歷的那些重大轉變，我們常以文藝復興、宗教改革之類的...more
",https://www.books.com.tw/products/0010750106?loc=P_0003_020
421,風雲京都：京都世界遺產的文化人類學巡檢,蔡亦竹,2017-04-26,"
一本京都史，半部日本史 十七座古都文化財，內蘊千年的恩怨情仇和興衰無常 《表裏日本》蔡亦竹暢銷新作 首開以文化人類學巡檢手法 引領讀者深入每一座世界遺產的歷史紋理肌骨 在戰亂與盛世之間、從貴族到...more
",https://www.books.com.tw/products/0010750000?loc=P_0003_021
422,梅乾與武士刀：在傳統文化中的古老智慧，揭開大和民族創新獨步的關鍵,樋口清之,2017-04-18,"
──連日本人都不知道的歷史，解讀「日本」的傳世作品── 與充滿西方觀點的《菊花與劍》相抗衡， 由日本考古學大師樋口清之所撰寫， 追本溯源、縱深剖析千年大和民族文化卓越之處的經典鉅作。   ▓只放一顆梅...more
",https://www.books.com.tw/products/0010748973?loc=P_0003_022
423,帕德嫩之謎：古希臘雅典人的世界,康奈莉,2017-04-08,"
雅典從來不模仿他人，只能成為他人的典範。 古希臘雅典，是西方文明的搖籃，發展出人類最早的民主制度。 其中奉祀雅典娜女神的帕德嫩神廟，更是西方世界民主、理性、藝術之象徵。 今人相信雅典人重視經驗...more
",https://www.books.com.tw/products/0010748488?loc=P_0003_023
424,塔木德故事集：認識猶太經典的哲人與浮生百態,喬瑟夫．史奇貝,2017-04-08,"
★華文世界第一本原典故事解析 ★認識猶太哲人奇思妙想的奧秘世界 一個竊賊變成聖人，最後因一次羞辱而死亡； 一個智者燒毀自己的世界，卻是為了拯救它； 一個男人為了探索宇宙的起源，迷失自己的心智； 一...more
",https://www.books.com.tw/products/0010747772?loc=P_0003_024
425,何處是桃源?：美國的清教主義及其史學流變,張四德,2017-04-07,"
美國是由多元族群所組成的國家，其中十七世紀初抵達的清教徒，雖然人數不多、時間也非最早，但其推崇勤勞、簡約、學習等的價值觀，形塑了新英格蘭價值體系的核心。此價值體系與美國主流文化的關係為何?是...more
",https://www.books.com.tw/products/0010747969?loc=P_0003_025
426,怪奇地圖：從虛構想像到歷史知識，115幅趣味地圖翻轉你所認知的世界,艾希禮．貝登威廉斯,2017-04-01,"
地圖控注意了! 諷刺、探險、童趣、遊戲、神話傳奇…… 那些無法歸類的怪奇地圖 全都收錄在本書! ★絕美古怪，上百幅大英圖書館地圖館藏! ★由古至今，橫跨1493~2008年的珍貴史料! 【除了實用，地圖裡還能讀到...more
",https://www.books.com.tw/products/0010747775?loc=P_0003_026
427,改變歷史的地圖與製圖師：藏在地圖裡的智識美學與權力遊戲,約翰‧克拉克,2017-03-30,"
人類愛看著地圖探索知識、設定戰略、發想創意、開疆擴土； 大製圖師則是地圖背後那位翻轉時代命題，或是為權力者操弄歷史視角的魔鬼畫家!     用地圖讀懂世界史背後的權謀與智識   從製圖者的洞察與偏見，...more
",https://www.books.com.tw/products/0010747651?loc=P_0003_027
428,紙的大歷史：從蔡倫造紙到數位時代，跨越人類文明兩千年的世界之旅,亞歷山大‧孟洛,2017-03-22,"
2011年英國皇家文學協會(RSL Jerwood Award)非小說獎得獎作品 一項簡單的中國發明如何包覆整個世界? 在紙的表面上，銘刻人類歷史上最為重要的理念。   來自中國的偉大發明──紙，   如何影響並改變世界?   ...more
",https://www.books.com.tw/products/0010746813?loc=P_0003_028
429,江戶的食空間：從街頭攤販到將軍的餐桌，日本料理就是這麼來的,大久保洋子,2017-03-21,"
三百年來，為什麼日本人越吃越精緻、越吃越豐富? ──穿越百年時空，重返江戶幕府時代── 從街邊的炸天婦羅攤販出發，穿梭在江戶城裡每個不同的飲食空間場所， 看見日本料理的精彩演化。   江戶飲食文化如何...more
",https://www.books.com.tw/products/0010746184?loc=P_0003_029
430,法老的國度：古埃及文化史(修訂版),蒲慕州,2017-03-11,"
國內埃及學權威蒲慕州博士經典專著 全面認識古埃及文化的入門必讀 人類，只是宇宙時間軸上的過客。金字塔，卻是永恆。 當埃及人要表示「永恆」時，他們畫太陽和月亮，因為它們是永恆的。當埃及人要表示「...more
",https://www.books.com.tw/products/0010745951?loc=P_0003_030
431,棉花帝國：資本主義全球化的過去與未來,斯溫・貝克特,2017-02-24,"
★「班克洛夫特獎」(Bancroft Prize)得獎作品   ★「坎迪爾獎」(Cundill Prize)得獎作品   ★《紐約時報》年度十大好書   ★「普立茲獎」歷史類決選作品   如同史詩故事般起落的棉花帝國，是世界經濟的中心，...more
",https://www.books.com.tw/products/0010744902?loc=P_0003_031
432,一起野餐吧!：從貴族的時髦消遣到草地上的全民派對,沃爾特‧李維,2017-02-14,"
是誰把餐桌搬到了草地上?  ───顛覆人類飲食文明最潮的一餐─── 野餐墊上到底發生過哪些大小事? 什麼料理又是各國食客野餐籃裡的秘密天菜?   -野餐可能原本並不野，因為一開始大家都在……室內的地上野餐!?   ...more
",https://www.books.com.tw/products/0010742622?loc=P_0003_032
433,寬容(1925年英文原譯版),亨德里克・威廉・房龍,2017-02-08,"
史上最暢銷的通俗歷史作家 為殺伐征戮的世界 寫下永不過時的思想經典   「人們往往因自己的信仰而憎恨其他人，而不是去愛其他人」──   小至對性別家庭定義的分歧，大至為宗教派別揭竿而起的戰役，   與其...more
",https://www.books.com.tw/products/0010741479?loc=P_0003_033
434,微物誌：現代日本的15則物語,蔡曉林,2017-01-25,"
日本如何從戰敗最痛的硬日子裡，無損尊嚴地活下來? 一段從牛奶糖與巧克力展開的歷史； 一部越讀越堅硬的「知日」之書。   15個物件，回歸歷史脈絡，輕輕切入，深深探查；   重新凝視1945年以降，最近也最...more
",https://www.books.com.tw/products/0010742613?loc=P_0003_034
435,帝國與料理,瑞秋．勞丹,2017-01-25,"
料理， 如何在過去五千年演化而來? 以全球為觀察視角，以帝國為分析核心， 探索「料理」的演化之道!   人類不僅是社會的動物，也是煮食的動物。而「料理」這件事在過去五千年來，一直都是人類最重要的技術...more
",https://www.books.com.tw/products/0010741348?loc=P_0003_035
436,聖經的故事(暢銷百年紀念版),房龍,2017-01-19,"
全球有史以來最暢銷的典籍《聖經》 ft. 美國暢銷作家房龍   深植千年西方文明的核心內涵化作可口故事無負擔秒懂   暢銷全球逾百年 多達26種語言版本    《魔戒》譯者鄧嘉宛傾力之作21世紀全新權威校訂版  ...more
",https://www.books.com.tw/products/0010741374?loc=P_0003_036
437,圖解猶太人智慧書(新版),羅秉新,2017-01-18,"
猶太人的智慧書《塔木德》的傳世智慧   《塔木德》是猶太教關於法律條例、傳統習俗、祭祀禮儀等內容的彙集，書中凝聚了數個世紀兩千多名猶太學者對本民族歷史、文化的思考。猶太人之所以能夠在商業、科技...more
",https://www.books.com.tw/products/0010741351?loc=P_0003_037
438,100種看世界的角度，100本書的故事，塑造出我們今天的世界：知識傳布的媒介，人類文明發展記事,"羅德里克．凱夫,莎拉．阿亞德",2017-01-17,"
大英圖書館合作出版 世界千百年來最貴重藏書的珍稀圖像300+   書的歷史，是人類故事的縮影。   從洞穴壁畫、獸骨與繩結、莎草紙卷、竹簡，   到亞洲經書、中世紀手抄本、重寫本、藥學書、   農民曆、占卜...more
",https://www.books.com.tw/products/0010740465?loc=P_0003_038
439,我們如何走到今天?印刷術促成細胞的發現到製冷技術形塑城市樣貌，一段你不知道卻影響人類兩千年的文明發展史,史蒂芬．強森,2017-01-07,"
TED演講嘉賓 《紐約時報》暢銷作家 科技界的達爾文剖析文明進程的重量級知識讀物 英國國家廣播公司BBC美國公共電視頻道PBS聯手製播生活發明大解密紀錄片原著   6項科技500年發明史   意外的創意、天才科學...more
",https://www.books.com.tw/products/0010739502?loc=P_0003_039
440,「身體的身體」：歐洲近代早期服飾觀念史,林美香,2017-01-04,"
服飾關乎人的全部，整個身體、人與身體，以及身體與社會的一切關聯。 ──── 羅蘭.巴特   林美香的《「身體的身體」：歐洲近代早期服飾觀念史》一書討論中古晚期至十七世紀，歐洲服飾文化中的重要觀念，包括...more
",https://www.books.com.tw/products/0010739650?loc=P_0003_040
441,那些你未必知道的印尼：Apa Kabar、Basa Basi、Macet，南方有江湖,賴珩佳,2017-01-03,"
第一線的印尼觀察，Google也查不到的在地切身體會， 賴珩佳要告訴你：印尼的江湖在哪裡?   對印尼，你的印象是什麼?   印傭、印尼勞工、印尼新娘，落後、貧窮、教育水準低，還是……印尼和印度差不多?   誤...more
",https://www.books.com.tw/products/0010739757?loc=P_0003_041
442,料理世界史：一百道食譜看飲食的千年故事,威廉‧席特維爾,2016-12-31,"
穿越千年時空的一百道食譜， 仿若飲食界的一千零一夜， 帶你品味自古至今流傳在食譜書中的美食故事。   或許你也是個執著的美食愛好者，為了蒐羅美食穿梭在世界各地大街小巷?為了極致的美味幾乎走斷雙腳、...more
",https://www.books.com.tw/products/0010739060?loc=P_0003_042
443,地圖上的城市史：以城市為座標測繪出的世界文化發展史,傑洛米．布萊克,2016-12-29,"
一本網羅歷史文化與城市學的最佳著作 透過地圖了解城市的前世今生   「……慷慨地滿足所有都市學家的幻想。」 ──紐約時報   以城市為中心，測繪座標出的一部美麗的世界文化史   城市，充滿人類的希望與夢想...more
",https://www.books.com.tw/products/0010738901?loc=P_0003_043
444,改變世界的100張草圖：從革新醫學的人體解剖圖到顛覆音樂產業的iPod原型,史考特‧克里斯汀生,2016-12-29,"
靈光乍現的立體化瞬間， 人類史上最經典的100個思想、理論、概念、產品的原型草稿： 第一幅針灸穴位圖、第一張沖水馬桶設計圖、 第一次畫出來的DNA雙螺旋圖…… 重擊當代思潮的線條初稿，創新大師推進文明的...more
",https://www.books.com.tw/products/0010739023?loc=P_0003_044
445,太陽王和高盧雞的傲慢與偏見：法式韻味、偏見法國(雙書套組),"琵鄔・瑪麗・伊特薇,瓊安・德尚",2016-12-21,"
從生活與歷史的角度，窺看法國古今文化的妙趣精髓!   I.《偏見法國——正解還是誤解? 關於法國的41個迷思、綺想與真相》    在想像和偏見背後，法國，她究竟是什麼真實模樣?    法國女人無比時尚，而且不會...more
",https://www.books.com.tw/products/0010738104?loc=P_0003_045
446,Kiss!吻的文化史：從中古世紀傳説神話到網路時代影音文化，浪漫吻的前世今生,馬塞爾‧達內西,2016-12-10,"
以愛為名，以吻封緘 尋找吻、愛情與人性的真實樣貌   ◎以接吻為脈絡，企圖找出「吻」的來龍去脈，討論親吻的最初原型和演變。   ◎由中古時期到現代，從神話故事、文學作品、情歌、影像、電影等方面，探討...more
",https://www.books.com.tw/products/0010737219?loc=P_0003_046
447,不可思議的猶太人,顧駿,2016-12-07,"
對於猶太民族和猶太文化，您也許還不很熟悉；其實只要留心身邊發生或出現的種種事件和現象，就可以發現猶太人和猶太人的智慧，一直在我們不知不覺之中參與著我們的生活。   關心國際政治的，一定經常聽到...more
",https://www.books.com.tw/products/0010736987?loc=P_0003_047
448,安娣，給我一份摻摻!透視進擊的小國 新加坡,萬宗綸,2016-12-07,"
摻摻：意指什麼都要、什麼都有、不純粹、混合起來   新加坡國土小歸小，卻蘊含無限大的可能性；   獨立建國短短50年，但鎔鑄各族移民們帶來的悠長歷史文化；   一句「SiNGLISH」便能劃分你我、說華語運動...more
",https://www.books.com.tw/products/0010736170?loc=P_0003_048
449,拉麵：一麵入魂的國民料理發展史,喬治．索爾特,2016-12-07,"
提到「拉麵」，你想到的是什麼? 是匠心獨具，博多、札幌、熊本或和歌山各擅勝場的風味拉麵? 是一道來自中國、藉由美國大麥脫胎換骨、而在日本落地生根的暖心料理? 還是有湯有麵、早期被認定是工人與單身漢...more
",https://www.books.com.tw/products/0010736546?loc=P_0003_049
450,文明的末世：歷史發展的終極困境,王世宗,2016-12-02,"
文明的末世是歷史發展的終極困境，其理是優良不是完美而改善無法臻於至善，文明能增進知識及提升人格，乃不能使人擁有全知而成為完人，故歷史的進化終究有時，當人力的極限已達而人類難以維持其極致狀態，...more
",https://www.books.com.tw/products/0010737156?loc=P_0003_050
451,血田：宗教與暴力的歷史,凱倫‧阿姆斯壯,2016-12-01,"
全球暢銷書《神的歷史》(A History of God)作者、2008年TED大獎(Ted Prize)得主   著名比較宗教學者凱倫.阿姆斯壯，在新作《血田》中全面性探討宗教與暴力的關聯。   ※《出版人週刊》選書，美版首刷印量15...more
",https://www.books.com.tw/products/0010736600?loc=P_0003_051
452,歡迎光臨，天才城市：從上古雅典到宋朝杭州、愛丁堡到加州矽谷，端看七座培育天才的搖籃，如何引領世界向前!,艾瑞克．魏納,2016-12-01,"
如果養育一個孩子需要全村合力協助，那麼孕育一個天才就需要傾注整個城市的力量。」非洲古諺。 你以為天才，是指智商140以上嗎? 你有沒有想過，天才可能是「天時地利人和」? 天才，不是個人成就，而是善用...more
",https://www.books.com.tw/products/0010736414?loc=P_0003_052
453,殘酷劇場：藝術、電影、戰爭陰影,伊恩・布魯瑪,2016-11-30,"
《外交政策》評選全球百位思想家、百大公共知識分子 伊恩・布魯瑪 直面人心的28篇歷史與美學散文   ★美國筆會藝術評論大獎(Diamonstein-Spielvogel Award)肯定   「我不相信有人天生是魔鬼。   人會做出邪...more
",https://www.books.com.tw/products/0010736704?loc=P_0003_053
454,改變世界的100份文件：從奠基現代科學的牛頓手稿到扭轉通訊結構的第一則推特,史考特‧克里斯汀生,2016-11-22,"
一則教宗敕諭，如何開啟百年宗教迫害? 一份議定書，怎麼決定千萬猶太人命運? 精選百份翻轉歷史軸線的文件原稿， 親臨無聲文字撼動世界的關鍵時刻!   攤開英王死刑執行令，重回血跡斑斑的一刻，   循著少女...more
",https://www.books.com.tw/products/0010735756?loc=P_0003_054
455,殺戮與文化：西方強權崛起的關鍵戰役,維克多‧戴維斯‧漢森,2016-11-03,"
西方軍隊是全世界最致命的殺人組織。   維克多‧戴維斯‧漢森說出了西方人不願意面對的事實，甚至是不好啟齒的真相:西方軍隊是全世界最致命的殺人組織。賈德‧戴蒙的《槍炮、病菌與鋼鐵》與伊安‧摩里士的《西...more
",https://www.books.com.tw/products/0010733260?loc=P_0003_055
456,885公尺的巴黎：這條街，邂逅最美麗的日常,伊蓮．秀黎諾,2016-10-25,"
※亞馬遜4.4顆星；紐約時報、紐約客、華盛頓郵報、BBC選書國際好評推薦。 ※《紐約時報》前駐巴黎總編輯，文筆流暢觀察細膩，寫出一篇給居住街區的情書。 這是一條觀光客不得其門而入的街 「看著殉道者街，...more
",https://www.books.com.tw/products/0010732424?loc=P_0003_056
457,透視神祕種族：馬雅文化,闕淑萍,2016-10-03,"
馬雅沉睡的密林深處迴盪起陌生人的腳步，旅行者到這裡尋找傳說中的神奇和美麗，   來這裡追懷一個杳然的世界，尋回一段失落的文明。   馬雅人神祕地淡出了世人的視線，但是他們留下來的遺跡卻能讓人深深感...more
",https://www.books.com.tw/products/0010730715?loc=P_0003_057
458,手術劇場：470幀重現19世紀外科革命及器械的醫療繪畫,理查‧巴奈特,2016-10-01,"
★《泰晤士報》《刺絡針》與各大媒體盛讚、《病玫瑰》作者理查‧巴奈特的最新力作   ★封面採硬殼精裝、裱布書背及燙金格紋，與英國原書同廠印刷   ★精選超過 470 張從頭到腳、繪製精美、挑戰視覺的珍稀外科...more
",https://www.books.com.tw/products/0010729218?loc=P_0003_058
459,漢字與英語的幽秘心靈：刻在全球兩大語言裡的深邃世界觀(兩冊套書),"亨利‧希金斯,白川靜",2016-09-28,"
研究語言就像考掘人類經驗，文字中帶有各種夢想和苦痛的化石，也保留了前人使用的歷史痕跡 開創漢字研究的新局面 ‧ 探索英語蘊含的驚人能量   《漢字百話》   ★榮獲2012年金石堂書店最具影響力的書、好書...more
",https://www.books.com.tw/products/0010729678?loc=P_0003_059
460,切腹的日本史：剖開靈魂與情感的寄託所在，200位追求武士最高榮譽的殉道者列傳,大野敏明,2016-09-21,"
是維護名譽，還是愚昧的自殺行為?     究竟是什麼樣的思維邏輯讓日本人藉由切腹實踐忠義     從松平信康、豐臣秀次到三島由紀夫     本書將為您盡數還原日本史上知名的切腹者傳奇     只有在日本人身上才...more
",https://www.books.com.tw/products/0010728781?loc=P_0003_060
461,餐桌上的中世紀冷笑話：耶魯歷史學家破解古典歐洲怪誕生活,伊麗莎白‧阿奇柏德,2016-09-12,"
中世紀的宴會，想讓客人賓至如歸得讓烤雞啼叫? 文藝復興的仕女想擁有完美眉形，得靠山羊膽汁? 啟蒙時代的海灘時尚，羊毛襪是關鍵配備? 有圖為證，毫無邏輯 讓史學家徹底崩潰、不敢恭維的歐洲奇異生活史!  ...more
",https://www.books.com.tw/products/0010728156?loc=P_0003_061
462,改變人類生活的100個發明故事,夏潔,2016-09-09,"
百無禁忌的發明，稀奇古怪的創意，   大人和小孩都可以讀的一本書。     看發明的故事，領悟發明背後的玄機，   下一個被蘋果砸到的就是你!      牙刷，中國皇帝保護了全人類的牙齒；   胸罩，源自手帕與...more
",https://www.books.com.tw/products/0010728937?loc=P_0003_062
463,法式韻味：時尚美饌、生活品味、優雅世故，路易十四送給世界的禮物(二版),瓊安．德尚,2016-08-31,"
一位國王、一個朝代、一個國家，   創造出全世界對於文明與生活的無限想像!   你的生活中，處處都有法國味   你知道嗎，你手上的摺疊傘，是法國人在三百前發明的，除了擋風遮雨，還是當時火紅的時尚配件。...more
",https://www.books.com.tw/products/0010726122?loc=P_0003_063
464,日本戰國時尚完全解析：甲冑x服裝x髮型x配件，從衣裝看歷史,"山田順子,植田裕子",2016-08-26,"
日本現在是世界的時尚大國之一， 但其實古代的日本也有其獨特的時尚之處呢!   本書收錄十六(室町時代後期)~十七世紀初(江戶時代初期)的服飾衣裝   從圖中一窺當時的時尚特色!   服裝是反映人世的一面鏡子...more
",https://www.books.com.tw/products/0010726457?loc=P_0003_064
465,一顆頭顱的歷史：從戰場到博物館，從劊子手到外科醫師，探索人類對頭顱的恐懼與迷戀,法蘭西絲．拉爾森,2016-08-04,"
驚訝勝過驚悚，知識多過恐懼 從「頭」開始，解開陰森詭異又引人入勝的文明黑歷史   獵頭?斬首?是個離我們很遙遠的名詞?   獵頭?斬首?這聽起來似乎是某個遙遠的野蠻民族，又或者某個極端組織所犯下的「暴行...more
",https://www.books.com.tw/products/0010723217?loc=P_0003_065
466,植物的心機：刺激想像與形塑文明的植物史觀,理查‧梅比,2016-08-03,"
※長倨英國亞馬遜網路書店「人類學與社會學」、「植物學」類暢銷榜   以植物為最佳主角的文明舞台   上演生命科學、歷史文化、審美藝術與神話信仰的百變戲碼   英國最負盛名自然作家講述最驚異的植物軼事  ...more
",https://www.books.com.tw/products/0010722911?loc=P_0003_066
467,日本漫畫400年：職人技藝、文化融合與內容產業的特質,陳仲偉,2016-07-20,"
當漫畫成為日常生活的一分子， 繼續與大眾同在， 漫畫與漫畫的故事就不會結束    本書藉由探究近世江戶職人文化的專業精神、近代明治維新以降融合西方漫畫的表現手法與批判精神，以及二戰後至今日成熟的內...more
",https://www.books.com.tw/products/0010723649?loc=P_0003_067
468,用一天說歷史：從石器時代到數位時代，你的一天是人類累積的百萬年,葛瑞格．詹納,2016-07-02,"
你知道法王路易十四最喜歡坐在馬桶上跟朝臣聊天嗎?   你知道「家樂氏玉米片」發明者是個醫生嗎?   你知道古羅馬浴場同時兼有健身、游泳、水療、喝咖啡聊天的功能嗎?   你知道「Levi’s牛仔褲」源自淘金者穿...more
",https://www.books.com.tw/products/0010720053?loc=P_0003_068
469,社群媒體前兩千年,湯姆．斯丹迪奇,2016-07-01,"
重新詮釋媒體史的趣味觀點! 「我們過去身處的『大眾媒體時代』其實是長達兩世紀的反常狀態。 媒體原本就是屬於社群的，而現在只是再度加強。」 古羅馬最偉大的政治家西塞羅其實每天都在上網。   他的瀏覽...more
",https://www.books.com.tw/products/0010718957?loc=P_0003_069
470,大人的地圖學,安．魯尼,2016-07-01,"
126幅古今中外珍貴地圖，絕美收藏! 前所未有的視覺饗宴、知性震撼， 帶領你展開一段穿越時間、橫跨空間的心靈壯遊。     收錄：都靈莎草紙、色拉壁畫、大明一統志、達文西手繪地圖、馬王堆絲綢地圖、耶路...more
",https://www.books.com.tw/products/0010719657?loc=P_0003_070
471,電光影裏斬春風：武士道分流與滲透的新詮釋,張崑將,2016-06-27,"
◎認識日本文化，必須從理解什麼是「武士道」開始! ◎武士道不能只看表象，本書將帶領您回到歷史的脈絡中，重新認識多采多姿的武士道樣貌!   勇猛、剛毅、禁慾、盡忠、超越生死……被視為日本文化象徵的「武士...more
",https://www.books.com.tw/products/0010719632?loc=P_0003_071
472,美國東亞圖書館發展史及其他,吳文津,2016-06-22,"
吳文津先生自1959年擔任美國史丹佛大學胡佛研究所東亞圖書館館長以來，搜求資料的精神逐步透顯出來。這個精神我無以名之，祗有借用傅斯年先生的名言「上窮碧落下黃泉，動手動腳找東西」。事實上，無論是傅...more
",https://www.books.com.tw/products/0010718978?loc=P_0003_072
473,原來，古羅馬人這樣過日子!：考古專家帶你直擊古羅馬人生活現場(改版),阿爾貝托‧安傑拉（Alberto Angela）,2016-06-09,"
準備好，跟著作者穿梭時空，近距離探訪古羅馬人的一日生活! 最有趣、最出人意表的古羅馬文化史，都在本書中! 住的樓層越高，地位越低、越貧窮!? 別鬧了，竟然拿尿來刷牙、洗衣服!? 什麼，凱撒大帝跟女人一...more
",https://www.books.com.tw/products/0010714253?loc=P_0003_073
474,我們最偉大：一個德國喜劇作家的北韓奇遇記,克利斯提昂．艾瑟特,2016-06-06,"
這個國家，就是最棒的喜劇!   德國熱門話題書，盤據暢銷排行榜長達70週!   Amazon書店讀者★★★★捧腹叫好!   在偉大領袖的舞台上，我們就是為期五天的臨時演員。   這裡不見得美麗，卻絕對令你終生「難忘」…...more
",https://www.books.com.tw/products/0010717484?loc=P_0003_074
475,壽岳章子「京都三部曲」套書(千年繁華/喜樂京都/京都思路),壽岳章子,2016-06-04,"
京都的街道巷弄風情萬千，千年來，交織著多少的人情韻味及歷史風華， 世世代代，守護著千年古城變與不變的永恆。   《千年繁華：京都的街巷人生》   「京都」絕對是越發掘、探索越有味道的一座城市。她是...more
",https://www.books.com.tw/products/0010717362?loc=P_0003_075
476,詳說日本文化史,楊永良,2016-06-01,"
本書涵蓋多面向的文化背景，以深入淺出的方式詳細介紹日本的文學、宗教、戲劇與繪畫，更竭力著墨於國內同類書籍較少觸及的領域，例如日本的法制、天皇制、女性史等。內容多元而完整，剖析精闢而獨到，因此...more
",https://www.books.com.tw/products/0010720804?loc=P_0003_076
477,全球化的故事：商人、傳教士、探險家與戰士如何形塑今日世界,納揚．昌達,2016-06-01,"
對於全球化支持者而言，   你可意識到全球整合中弱勢國家的人民正遭受剝削?   對於全球化反對者來說，   你是否只是抱持著狹隘的保護主義觀點?   無論是支持還是反對，   你可知道「全球化」並非近代資本...more
",https://www.books.com.tw/products/0010716388?loc=P_0003_077
478,餐桌上的日本史,宮崎正勝,2016-05-18,"
餐桌上趣讀日本歷史! 透過壽司、蕎麥麵、味噌湯和壽喜燒… 重新認識傲視亞洲的全球第三大經濟體   屬於古代時尚食品的丸子、大佛與蠶豆之間竟有出人意外的關係?從豆腐料理大變身而成的關東煮、原是伊斯蘭點...more
",https://www.books.com.tw/products/0010715037?loc=P_0003_078
479,國際藏學史導論,安樂業,2016-05-11,"
總結迄今為止藏學研究在國際社會取得的成果，並對國際藏學研究的前景作出極具啟發性的展望呈現站在巨人肩膀上的登高望遠，而不僅僅是既有資料拾人牙慧的總彙整流亡海外的安樂業對於國際藏學動態相當關心，...more
",https://www.books.com.tw/products/0010715530?loc=P_0003_079
480,改變歷史的50種武器,喬爾‧利維,2016-05-07,"
自三百萬年前的第一柄石斧開始，跨越大陸、代代人類， 述說武器如何成為經典，世界如何隨武器瞄準的方向演進…… -超過200幅精緻繪圖、史實照片與武器構造圖解； -超過10萬字生動活潑的故事，以及一目了然的...more
",https://www.books.com.tw/products/0010714143?loc=P_0003_080
481,江戶日用品：延續三百年的生活溫度,森有貴子,2016-05-05,"
江戶時代，是日本工藝品歷史上最豐碩的時期。 探訪「新東京」34家老鋪，延續「舊江戶」三百年的生活溫度， 宜古宜今的日用品，學江戶人過生活!   穿上江戶時代熟成的時髦高雅的浴衣上街，   手執繪有千鳥...more
",https://www.books.com.tw/products/0010712411?loc=P_0003_081
482,花園的故事：一趟穿越歷史的漫步，去拜訪法國文豪筆下的花園,艾芙琳．博洛克-達諾,2016-04-26,"
我曾夢想一本書，翻開它的扉頁， 就如推開一座任其恣意生長的花園之門扉。 ──法國作家|克里斯提昂‧博班(Christian Bobin)──   花園是面鏡子。   告訴我，你夢想著哪一種花園?   我便能告訴你──你是誰。   ...more
",https://www.books.com.tw/products/0010712339?loc=P_0003_082
483,比爾.布萊森的大不列顛碎碎唸：原來，英國跟你想的不一樣!,比爾．布萊森,2016-04-19,"
全世界最幽默也最碎唸的旅遊作家 比爾.布萊森 繼暢銷書《哈!小不列顛》 二十年後再度挖苦英國!   布萊森總能輕鬆發現奇異、有趣的事物，   他的筆徹底寫下了英國文化的蠢笨、可愛、諷刺與謊言。   透過他...more
",https://www.books.com.tw/products/0010711826?loc=P_0003_083
484,女巫(第二版),朱爾．米榭勒,2016-04-12,"
關於黑暗時代最偉大的社會學著作 女性在性別/道德霸凌下的血淚史   我對古代女巫從想像、憐憫、滿懷柔情到平反……書寫主題歸屬於人類，歸屬於女人。—— 法國19世紀史學巨擘 朱爾.米榭勒(Jules Michelet)   ...more
",https://www.books.com.tw/products/0010711587?loc=P_0003_084
485,上一堂最好玩的韓國學：政大超人氣教授帶你從韓劇看韓國社會、政治、外交與兩韓關係,蔡增家,2016-04-01,"
《上一堂最好玩的日本學》作者創意披露，最獨到的韓國觀察!   24部最夯韓劇+生動彩色插圖+獨到又幽默的分析，帶你一次看透韓國!     《未生》《來自星星的你》《商道》《愛在異鄉》《海德、哲基爾與我》……...more
",https://www.books.com.tw/products/0010709225?loc=P_0003_085
486,京都百年老舖：發現老店中的祖傳祕技、經營哲學、生活理念，深入京都人食衣住的根源,西岡正子,2016-03-08,"
深入京都，發現百年老舖之心 ──由當家店主現身說法，從老舖的技藝與傳統中解讀「京都」──   ▍京都文化專家嚴選十六家百年老店.最深入的京都旅行 ▍   探訪川端康成親筆寫下「美味延年」的芋棒平野家本家；...more
",https://www.books.com.tw/products/0010707275?loc=P_0003_086
487,【Japanology 日本學】金魚 KINGYO,"岡本信明,川田洋之助",2016-02-17,"
【Japanology 日本學】   日本文化 見、知、學──   見─全彩經典圖錄 知─深入淺出解說 學─徹底感受日本文化獨有魅力   讓你宛如坐擁行動日本文化博物館，   體驗躍然紙上的和風滋味──   * * * * * * *   .....more
",https://www.books.com.tw/products/0010699813?loc=P_0003_087
488,日本生活家的歲時雜記,佐藤裕美,2016-02-04,"
日本生活家用最柔軟的心， 傾聽24節氣更迭的聲息， 寫下最貼近日本日常的雜記。   Amazon五顆星評價，上市即獲得廣大的日本讀者回響，   齊聲大讚「這是一本值得一輩子收藏的生活百科全書!」   你或許不知...more
",https://www.books.com.tw/products/0010704019?loc=P_0003_088
489,歷史老師沒教過的歷史2,憶江南,2016-02-03,"
歷史沒那麼美!作者開宗明義就點出歷史的真實面貌。我們在學時所學的歷史為什麼會讓人覺得難以親近?因為，我們所讀的歷史只是其中一個面或一個點。而真實的歷史，其實有很多是我們不知道的，但往往卻是造成...more
",https://www.books.com.tw/products/0010704326?loc=P_0003_089
490,世界文字發展史,周有光,2016-02-02,"
認識文字發展的必備書 漢語拼音之父、語言學家周有光的文字史力作   語言是最基本的信息載體，文字是語言的延長和擴展，有了文字，人類才有書面的歷史記錄。研究文字規律的是文字學，側重文字資料的是文字...more
",https://www.books.com.tw/products/0010705307?loc=P_0003_090
491,法國宮廷文化的創意美學,阮若缺,2016-01-29,"
法國的美學素養及生活品味一向令人嚮往，歷經長久的淬鍊與累積，「精巧細緻」的特色體現在日常生活的每個細節當中，法式風格幾乎和「高級」畫上等號。而最能引領精緻優雅風尚、創造歷史文明的，首推宮廷文...more
",https://www.books.com.tw/products/0010704036?loc=P_0003_091
492,黑色的故事：徹底改變人類文明史的顏色,約翰．哈維,2016-01-12,"
「黑不是顏色!」──達文西 「黑是種力量。」──馬蒂斯 「黑色是色彩之后」──雷諾瓦 「所有顏色中最美的就是黑。」──丁托列托   ▍徹底改變人類文明史的顏色，藝術家和時尚設計師最愛的首選 ▍   黑色，並不在...more
",https://www.books.com.tw/products/0010701900?loc=P_0003_092
493,青花瓷的故事,羅伯特．芬雷,2016-01-07,"
青花瓷的寰宇之旅，是全球化的濫觴!   瓷器，在長達一千五百年的時間裡，曾是專屬於中國獨有的發明。   透過它，我們看見世界各地文化的交流與對話。   金鼎獎首屆翻譯獎得主鄭明萱一生顛峰譯作。   這不...more
",https://www.books.com.tw/products/0010701604?loc=P_0003_093
494,改變歷史的50種機器,艾力克‧查林,2016-01-07,"
自第一次工業革命展開後，歷時兩百年間不可思議的發明旅程， 述說機器如何一次次翻轉人類的歷史、文化與未來想像! -超過200幅精緻繪圖、史實照片與機械構造圖解； -超過10萬字生動活潑的故事，以及一目了...more
",https://www.books.com.tw/products/0010701648?loc=P_0003_094
495,歷史老師沒教過的歷史1,憶江南,2016-01-01,"
歷史沒那麼美!作者開宗明義就點出歷史的真實面貌。我們在學時所學的歷史為什麼會讓人覺得難以親近?因為，我們所讀的歷史只是其中一個面或一個點。而真實的歷史，其實有很多是我們不知道的，但往往卻是造成...more
",https://www.books.com.tw/products/0010700595?loc=P_0003_095
496,Japanology 日本學：妖怪 YOKAI,小松和彥,2015-12-12,"
【Japanology 日本學】   日本文化 見、知、學──   見─全彩經典圖錄 知─深入淺出解說 學─徹底感受日本文化獨有魅力   讓你宛如坐擁行動日本文化博物館，   體驗躍然紙上的和風滋味──   想了解日本文化就要...more
",https://www.books.com.tw/products/0010688794?loc=P_0003_096
497,歷史學原來這麼有趣：顛覆傳統教學的18堂歷史課,周海燕,2015-12-01,"
這是一本介紹歷史學大師及其思想精華的圖書。它虛擬了18堂神祕課堂，每堂課都圍繞一個主題展開，並挑選一位合適的歷史學大師講授。在授課的過程中，聽課人與大師們還有互動和交流。讓讀者可以像讀故事一樣...more
",https://www.books.com.tw/products/0010697119?loc=P_0003_097
498,Shifting Boundaries：Global Perspectives on Literature and Culture,Carolyn F. Scott et al.,2015-12-01,"
Building from the achievements of a collaborative project begun in 2011—a project sponsored by the Top University Office......more
",https://www.books.com.tw/products/0010705271?loc=P_0003_098
499,"The Book Worlds of East Asia and Europe, 1450-1850：Connections and Comparisons","Joseph P. McDermott,Peter Burke",2015-11-13,"
This volume provides the first comparative survey of the relations between the two most active book worlds in Eurasia be......more
",https://www.books.com.tw/products/0010696288?loc=P_0003_099
500,了解西方文化逃不掉的100個典故,劉思湘,2015-11-06,"
★100個典故裡的故事，讓你快速了解西方文化，早日成為世界人。★   看似單純的典故背後，有著曲折豐富的故事。   抽絲剝繭，恰如羚羊掛角，看似無跡可尋，實則暗藏玄機。    以典繫文，以文明典。   在故事...more
",https://www.books.com.tw/products/0010695362?loc=P_0003_100
501,雨：文明、藝術、科學，人與自然交織的億萬年紀事,辛西亞‧巴內特,2015-11-05,"
從第一滴雨到暴風雨，文明的驅力、藝術的春藥、大自然的生命之源 第一本「雨」的專書――雨的文化書寫，雨的歷史紀事，雨的自然觀察    「天意只需要一點小雨，只要一朵不合時宜的雲彩飄過天空，就足以推翻...more
",https://www.books.com.tw/products/0010693730?loc=P_0003_001
502,瑞士做到的事,狄肯．比尤斯,2015-10-28,"
熱愛歧異，更熱愛化解歧異! 看瑞士人如何養成民主性格，用多元性走出不一樣的富強之路。   一份旅居瑞士的英國人寫下的非典型政經社會觀察+生活實錄，   讓你笑著認識這個奇妙的國家與古怪的人民，跪著看...more
",https://www.books.com.tw/products/0010691129?loc=P_0003_002
503,來當一日羅馬人,後藤克典,2015-09-29,"
數位影像完整再現! 羅馬帝國不朽的歷史文化與建築遺跡 原來可以這樣學歷史!   人類歷史上最偉大的國家羅馬帝國，不論遺跡原本再怎麼氣派，   一旦化做廢墟，依然很難單從眼前景象去想像當時的風貌。   倘...more
",https://www.books.com.tw/products/0010689945?loc=P_0003_003
504,誰把橡皮擦戴在鉛筆的頭上?：文具們的百年演化史,詹姆斯‧沃德,2015-09-29,"
文具總動員!──文具們的演化歷險記 文具不只是文具，還是一部人類文明史! 人類為了思考，為了創造，把東西寫下來是一種需要。 東西寫下來才利於我們整理思緒，而為了把東西寫下來，我們需要文具。 一本有趣...more
",https://www.books.com.tw/products/0010690014?loc=P_0003_004
505,塞爾登先生的中國地圖：香料貿易、佚失的海圖與南中國海,卜正民,2015-09-04,"
卜正民繼《維梅爾的帽子》另一全球史力作 一幅被遺忘近350年的中國航海圖 連結17世紀中國的海洋帝國及全球大航海時代  了解「亞洲火藥庫」南海主權爭議的歷史起源 從域外、從海洋，更從全球視野看中國   1...more
",https://www.books.com.tw/products/0010687754?loc=P_0003_005
506,鐵血與音符：德國人的民族性格,埃米爾．路德維希,2015-09-02,"
為何這個創造出音樂、文學、和科學奇蹟的民族， 卻在每個世紀都發動侵略戰爭?   理性與瘋狂，殘暴且浪漫——   理性、精準、一絲不苟、條理分明——這是多數世人對德國的印象。   這個民族孕育了無數譜寫出動...more
",https://www.books.com.tw/products/0010687309?loc=P_0003_006
507,香港戲院搜記.影畫爭鳴,黃夏柏,2015-08-28,"
戲院廣告大牌、放映師、西片宣傳與譯名、戲院管理……銀幕以外的畫面，一樣精彩。   戲院外牆的廣告看板，行內人稱為「大牌」；落畫上畫，入黑後，完整的大牌便在大道上放亮，率先引得附近坊眾圍觀。那時候...more
",https://www.books.com.tw/products/0010687759?loc=P_0003_007
508,香港戲院搜記.歲月鈎沉,黃夏柏,2015-08-28,"
放映業的風雲歲月，變色重現!   香港放映業的歷史，來到今天已是逾百年的歷程。   走過草創時期的驚喜時刻，經過淪陷期的黑暗日子，踏進影業蓬勃期的黃金歲月，最終，大戲院無可避免在歷史洪流上湮沒……。 ...more
",https://www.books.com.tw/products/0010687760?loc=P_0003_008
509,近代日本文化與思想,周佳榮,2015-08-14,"
近代日本的文化發展受到西方文化和觀念的衝擊，發生急劇轉變，但其傳統文化的精神與內涵，仍時常或隱或現地以新姿態呈現出來，形成獨特的日本性格。日本自明治維新以來的迅速演變和發展，既表現於國內政治...more
",https://www.books.com.tw/products/0010686402?loc=P_0003_009
510,一帶一路東南亞智慧,陳怡,2015-08-12,"
本書特色   這片太平洋上的島國像馬賽克一樣，在海面上玩著自己的拼圖遊戲。表面上看它花花綠綠，異彩紛呈。但是，在這種彩色下面，掩不住的是它原本的單純和簡單。熱愛生活、享受生活，就是這裡的人最樸...more
",https://www.books.com.tw/products/0010686046?loc=P_0003_010
511,改變歷史的50種食物,比爾．普萊斯,2015-08-08,"
一本時間軸橫亙數千萬年、吃遍世界所有角落， 述說食物形塑人類生活、歷史與文化的美味故事集! .超過150幅繪圖海報、實物照片與藝術作品； .超過15萬字的生動描述，以及美味料理的由來及做法； .從文化、...more
",https://www.books.com.tw/products/0010684754?loc=P_0003_011
512,病玫瑰：354 幀影響現代醫療的疾病繪畫,理查‧巴奈特,2015-08-07,"
★榮獲2014英國 圖書設計與製作獎 年度圖書：「這本書精緻奪目，激發了我們的想像，放眼今年無人可以匹敵!」   ★封面採硬殼精裝、裱布書背，及燙黑格紋   ★書中收錄354 幀(345幀為彩色)橫跨1790~1910年代的...more
",https://www.books.com.tw/products/0010682628?loc=P_0003_012
513,絲路新史：一個已經逝去但曾經兼容並蓄的世界,芮樂偉．韓森,2015-08-06,"
耶魯大學教授韓森曾與中國學者榮新江主持北京大學中國古代史研究中心與耶魯大學歷史系合作的「重聚高昌寶藏」計畫。《絲路新史》根據絲綢之路上七個地點 (其中六處在中國西北地區，一處在撒馬爾罕外圍)考...more
",https://www.books.com.tw/products/0010683429?loc=P_0003_013
514,英語憑什麼!英語如何主宰我們的世界,克里斯托,2015-08-06,"
貓頭鷹出版社經典紀念，《英語帝國》重新征服上市。   為什麼到處都是英語?   為什麼是英文?為什麼英文會成為如此全球化的語言?而不是中文、日文或者法文?語言學權威克里斯托教授這本於1997年撰寫的經典，...more
",https://www.books.com.tw/products/0010684356?loc=P_0003_014
515,斷裂的年代：二十世紀的文化與社會,艾瑞克．霍布斯邦,2015-08-01,"
二十世紀最重要的史學家、英國左翼史學大師霍布斯邦遺世之作 年代系列充滿力量的句點   在《斷裂的年代》中，霍布斯邦討論古典音樂、美術、搖滾樂、雕塑等眾多議題；他記錄「自由知識分子」黃金時代的逝去...more
",https://www.books.com.tw/products/0010683922?loc=P_0003_015
516,解開內在美的神祕面紗,葉立誠,2015-07-31,"
本書的建構希望在時間長度與空間的寬度都能涵蓋，並且渴望能以更多角度的思維來豐富本書的內容。所以規劃了西方、中國、臺灣三個區塊，並搭配了肚兜傳統文物、內衣專有名詞、臺灣內衣海報等單元。   其中...more
",https://www.books.com.tw/products/0010688387?loc=P_0003_016
517,知日：日本禪,蘇靜,2015-07-20,"
在日本佛教十三個宗派當中，禪宗的影響力可以說是最為深遠的，也是在生活中最明顯的。從劍道、茶道、花道等傳統文化，到日本人的處世哲學，無一沒有禪的影子在其中。可以說，禪比起作為一個宗教派系，更是...more
",https://www.books.com.tw/products/0010682467?loc=P_0003_017
518,草原霸主：歐亞草原早期遊牧民族的興衰史,馬健,2015-07-20,"
是誰讓曾經的亞洲之王葬身荒漠? 只有女人沒有男人的部族真的存在過嗎? 驍勇強悍、縱橫歐亞草原的遊牧民族真的是赫拉克勒斯的後裔? 國王谷黃金塚在什麼地方?   1715年，沙皇宮廷正在為彼得大帝新誕生的王子...more
",https://www.books.com.tw/products/0010682479?loc=P_0003_018
519,騎馬生活的歷史圖景：歐亞馬文化漫談,劉文鎖,2015-07-20,"
人和馬如何共舞在歐亞大陸上? 馬文物，可以還原怎樣的人類史? 岩壁馬、漢唐馬、木馬屠城、黃金馬車，遠古符號傳遞甚麼祕聞?   本書講述的是馬文化的故事，一部馬的進化與馴化歷史，也是一部人類文化前進的...more
",https://www.books.com.tw/products/0010682481?loc=P_0003_019
520,此時彼刻 2：港島東百年變遷,鄭寶鴻,2015-07-20,"
一百二十多組往年今日的比照，展現金鐘及以東的港島變遷。   依循書中的圖像軌跡，追尋往昔小市民的歡樂。   金鐘的海員軍營集中地，灣仔的風月區，   銅鑼灣、筲箕灣的漁港風光，北角的平民遊樂場，   以...more
",https://www.books.com.tw/products/0010682520?loc=P_0003_020
521,中國近世的思想典範,伊東貴之,2015-06-30,"
中國思想史脈絡下的「early modern」呈現什麼樣的精神景觀?   本書重新建構中國近世時期的思想圖像，   打開了通往傳統中國精神「故鄉」的歸鄉之路!   本書對於中國思想史的時代區分採宋近世說，內容涵蓋...more
",https://www.books.com.tw/products/0010679983?loc=P_0003_021
522,蓮花上的獅子：圖說歐亞獅子文化,尚永琪,2015-06-10,"
分享歐亞獅子文化交流之源遠流長、傳奇浪漫。      通過圖像展示、故事講述來還原風趣的西域歷史。      獅子是自然界中最殘忍的猛獸，人類卻將牠認同為慈悲或寬容的象徵之一。      沒有胸襟開闊的交流與...more
",https://www.books.com.tw/products/0010678264?loc=P_0003_022
523,食藝：法國飲食文化的風貌與流變,蔡倩玟,2015-06-10,"
妙處在於滋味相融，油浸潤至靈魂深處， 如同歌頌、如同愉悅吹哨、如同一陣歡動。 放膽大咬一口，我堅信身置人間天堂。 法國詩人岱勒臺《舊石器佳餚》   飲食是一種日常活動，然而法國文化不論在廚藝、餐具...more
",https://www.books.com.tw/products/0010676988?loc=P_0003_023
524,日本味兒：這不是一本簡單的美食書,"李潔,陳杰",2015-05-15,"
這不是一本簡單的美食書。 美食可以很簡單，但不簡單的，卻是凝聚在美食中的文化。 尋找曾經綿延千年的一絲味道。   日式料理，不僅僅是美味這麼簡單，是在歷史過程中被創造出來的。它背後有著日本文化的...more
",https://www.books.com.tw/products/0010674749?loc=P_0003_024
525,金山謠：美國華裔婦女史(增訂版),令狐萍,2015-05-06,"
本書尋求全面再現「華裔婦女在美國」的歷史，以補充美國史研究與婦女史研究中的空白。作者分析概括自19世紀中期以來華裔婦女的移民模式，考察研究中國移民婦女適應環境、採納當地習俗、生存奮鬥的策略，突...more
",https://www.books.com.tw/products/0010670168?loc=P_0003_025
526,驚異!世界史《神祕職業》,李妍,2015-04-02,"
為了生存 他們賭上性命 什麼樣的職業，讓人放棄一切 藏身暗處、穿梭生死，只為完成不為他人理解的使命   超越安身立命的險惡職業   趕屍人、陰陽師、乩童、劊子手、職業殺手、法醫……   每種神祕職業的出現...more
",https://www.books.com.tw/products/0010668295?loc=P_0003_026
527,江戶時代的生活智慧：飲食‧節氣‧養生‧娛樂‧防災，從圖解漫畫中感受江戶文化的生活樂趣!,坂野鈴子,2015-04-02,"
穿越時空回江戶! 極富智慧的江戶人們，在不便的時代， 發展了許多創新的發明與方法── 江戶人的瘦身鞋、活用食物的力量、 從槍炮變藥草、暢銷三百多年的養生書…… 藉由書中漫畫、江戶時期無名繪師的插畫，生...more
",https://www.books.com.tw/products/0010669318?loc=P_0003_027
528,伊本‧巴杜達遊記：給未來的心靈旅人,伊本‧巴杜達,2015-04-01,"
睜開你的雙眼，用不同的方式看世界 好的故事讓世界因此與眾不同 伊本.巴杜達：「能夠在大地上遊歷探索就是我今世所求。」   趣味盎然的冒險旅程，以穆斯林之眼記錄世界的脈動與吐息   十四世紀的傳奇旅人...more
",https://www.books.com.tw/products/0010669465?loc=P_0003_028
529,文化研究：思潮與大師經典漫畫,Ziauddin Sardar,2015-01-09,"
文化的震盪和意義，不僅存在於眾人眼中的戰勝者， 也存在於傷亡者。   自稱非學科的學科   無庸置疑，文化研究是現今全球最熱門的學科!但文化研究到底是什麼?從何而生?為何存在?這是一門自稱非學科的學科...more
",https://www.books.com.tw/products/0010662124?loc=P_0003_029
530,世界鐵道歷史200年：從蒸氣火車到高速鐵路,弗朗科・塔內爾,2014-12-31,"
從蒸汽機車頭的變遷、車廂的進化、速度的競爭 臥鋪車和餐車的登場到產業、戰爭與歷史的關聯   全書收錄400幅珍貴圖片 搭配詳盡解說   依年代完整詳述橫跨200年的世界鐵路風華   售出英、美、義、法、日等...more
",https://www.books.com.tw/products/0010660204?loc=P_0003_030
531,謀殺耶穌：關於耶穌之死的真實歷史,"比爾‧歐萊利,馬丁‧道格",2014-12-01,"
耶穌是史上最重要的革命家與歷史人物。他的教會與思想影響了後世全世界。至今不減。本書考證，他事實上應生於西元前5年或6年(因大希律王死於西元前4年)的春天，死於西元27年到30年之間三月到四月的某個周...more
",https://www.books.com.tw/products/0010656783?loc=P_0003_031
532,"Judaism, Christianity, and Islam：Collaboration and Conflict in the Age of Diaspora",Sander L. Gilman,2014-11-30,"
Islam, Christianity, and Judaism share several common features, including their historical origins in the prophet Abraha......more
",https://www.books.com.tw/products/0010659881?loc=P_0003_032
533,明治日本：含苞初綻的新時代、新女性,茂呂美耶,2014-11-29,"
說日本、寫日本第一人茂呂美耶 繼古典平安、繚亂戰國、多采江戶後，為讀者呈現脫胎換骨的明治新日本。   明治時代的那些事   江戶改名「東京」，從江戶城變近代都市；   火柴、煤氣燈、電燈，文明開化的光...more
",https://www.books.com.tw/products/0010656979?loc=P_0003_033
534,"Pacific Crossing：California Gold, Chinese Migration, and the Making of Hong Kong",Elizabeth Sinn,2014-11-28,"
During the nineteenth century tens of thousands of Chinese men and women crossed the Pacific to work, trade, and settle ......more
",https://www.books.com.tw/products/0010658655?loc=P_0003_034
535,民族學家的京都導覽：從地理、歷史、居民性格到語言,梅棹忠夫,2014-11-19,"
濃縮了大半日本歷史的千年古都   在道地京都人的眼裡，是一幅什麼樣的風景?   最權威的民族學者梅棹忠夫   帶你從地理、歷史、居民性格、語言重新認識   這個歷經歲月淬鍊而成的「非觀光都市」   京都千年...more
",https://www.books.com.tw/products/0010643698?loc=P_0003_035
536,紙的輓歌,伊安‧桑塞姆,2014-11-05,"
有史以來最棒的論紙之書! 深入探詢紙的意義與內涵，窮究紙的功能與類型 看似輕薄的紙張，卻承載著人類的歷史、生死與智慧…… 誰說以紙書寫的璀璨文明即將告終? 在以悲愴樂曲哀悼紙的美麗與哀愁之際， 發現...more
",https://www.books.com.tw/products/0010654738?loc=P_0003_036
537,早餐之書,安德魯．道比,2014-10-06,"
你今天吃早餐了嗎?   穿越3000年，從荷馬時代到塞萬提斯，從福爾摩斯到哈比人，   第一本集結世界各地的早餐故事，一趟富含文學與趣味的世界早餐之旅!   哈比人早上吃的「可口小早餐」到底是什麼?華生早上...more
",https://www.books.com.tw/products/0010650599?loc=P_0003_037
538,近代日本的百年情結：日本人論,南博,2014-09-09,"
一部近代日本人自我意識史     日本人可能是世界上最愛好自我定義的民族，而這是一本嘗試客觀整理「日本人看日本人」的專書，時間跨距從明治、大正、昭和、占領時期到現代，長達百年，因此也可說是一部近...more
",https://www.books.com.tw/products/0010648818?loc=P_0003_038
539,中國人弱者意識與日本人強者意識,仁蘇羅,2014-09-01,"
戴季陶等近代以來的許多中國有識之士都早已指出，日本人將中國人放在顯微鏡下進行了徹底剖析，但中國人對日本人卻知之甚少，直到現在還是把《武士道》《菊與刀》中的觀點奉為權威圭臬，實在可悲可歎，本書...more
",https://www.books.com.tw/products/0010649358?loc=P_0003_039
540,江戶時代文化 一本通：從商人規範、武士儀節到敦親睦鄰之道,歷史之謎探討會,2014-06-05,"
江戶時代的庶民沒有姓氏?斷絕血緣關係竟是司空見慣? 出遠門前必須清賒帳借款?成為人妻的儀式是將牙齒染黑? 遊廓一夜風流後，付不出錢的下場?武士「有仇報仇」也有嚴密的規矩 抓姦在床立即處死!攸關生死的...more
",https://www.books.com.tw/products/0010637229?loc=P_0003_040
541,革命分子耶穌：重返拿撒勒人耶穌的生平與時代,雷薩‧阿斯蘭,2014-05-14,"
亞馬遜、紐約時報、出版人周刊、邦諾書店、洛杉磯時報、華爾街日報等排行榜非文學類第一名   反抗帝國，反抗權貴，耶穌是搞革命的猶太農民   本書重返歷史現場，還原耶穌的真實面貌，重新詮釋基督教的起源...more
",https://www.books.com.tw/products/0010634293?loc=P_0003_041
542,王者流風：淺談獅子文化與藝術,張隆盛,2014-04-02,"
前環保署署長張隆盛先生   個人旅遊行腳紀錄之集大成   透過地表最大貓科動物的故事   帶您窺探人類文化藝術的脈動   什麼動物是歐亞大陸的代表?   其實不難從民間的舞龍舞獅、廟宇前的石獅子乃至歐亞許多...more
",https://www.books.com.tw/products/0010630095?loc=P_0003_042
543,中國人應當認識的英國：徐徐道來,徐永泰,2014-03-29,"
在東方人的眼中，沒了披頭四和哈利.波特，英國還剩下什麼? 遠處西歐的泱泱島國，有太多深厚的文化內涵，卻沒有在課本和新聞中留下紀錄。 這次，我們將再一次聚焦英國，你所看到的大不列顛，將和以往全然不...more
",https://www.books.com.tw/products/0010630258?loc=P_0003_043
544,漢字日本：日本人說的和你想的不一樣，學習不勉強的日文漢字豆知識,茂呂美耶,2014-03-29,"
「經濟」、「社會」、「哲學」、「人權」、「解放」、「主義」、「知識」、「文化」詞彙其實是日本人創出的?百日維新後，中國留學生開始大量翻譯日文書，當時的翻譯家「基於」日文文法，也不得不創出一些...more
",https://www.books.com.tw/products/0010630082?loc=P_0003_044
545,文明的故事,"以安‧莫里斯,潘蜜拉‧托勒",2014-03-15,"
美國「歷史頻道」同名電視系列紀錄片，共同製作年度大書 以300幅彩色照片及地圖，和戲劇性的敘事方式 精彩而完整地記錄了地球上，人類文明歷史的每個階段巨大演變，以及我們每一個人，的故事。   《文明的...more
",https://www.books.com.tw/products/0010627831?loc=P_0003_045
546,東亞視野下的日本哲學：傳統、現代與轉化,"張政遠,林永強",2014-02-21,"
從日本的儒學傳統，到經歷現代性與後現代的哲學反思與轉化 本書呈現東亞視野之下的日本哲學最新研究面貌   所謂的「日本哲學」，並非是一種帶有民族主義和本質主義的哲學，而是一種包含不同傳統和多元性的...more
",https://www.books.com.tw/products/0010626982?loc=P_0003_046
547,邊境,沃伊切赫．古瑞茨基,2014-02-05,"
我們同時屬於歐洲及亞洲，受西方和東方的浸潤， 也和他們共同分享我們的豐富寶藏。——庫爾班.薩伊德   一部關於南高加索三小國――亞賽拜然、喬治亞，和亞美尼亞的紀實作品   卡普欽斯基的接班人，震撼西方世...more
",https://www.books.com.tw/products/0010625545?loc=P_0003_047
548,歐洲文化首都,"孔憲法,郭姿麟,陳志宏",2014-01-27,"
「歐洲文化首都」是歐盟自1985年以來相當重要的都市文化復興活動之一，除了彰顯歐洲文化的豐富性和多樣性，也是各式文化活動的集合體，許多城市更將之當作一種城市發展運動，藉以凝聚城市認同與再生的契機...more
",https://www.books.com.tw/products/0010624047?loc=P_0003_048
549,地圖的歷史：從石刻地圖到Google Maps，重新看待世界的方式,賽門．加菲爾,2014-01-26,"
從地圖看歷史──第一本全方位、最完整的地圖文明史   從亞歷山大圖書館到Google Maps，從石刻地圖到GPS定位系統，   地圖是如何反映歷史、影響文化，見證變遷和人們看待世界的方式?   古希臘人如何得知世界...more
",https://www.books.com.tw/products/0010624407?loc=P_0003_049
550,知日的風景：世相、人物與書情,汪涌豪,2014-01-20,"
本書以當代日本的世相、人物與書情為切入點，輔之以相關歷史文化背景的考述，對相撲、能樂到宅男腐女，物哀、粹美到可愛風尚等一系列人事物象作了詳切生動的解讀。誠如作者所言：「我真的是想學一學老一輩...more
",https://www.books.com.tw/products/0010623401?loc=P_0003_050
551,狗急真的會跳牆嗎?冷知識追追追,史萊姆,2013-12-19,"
你對文化常識有多了解呢?快來試試看你是不是微知識小達人!蒐集了許多有趣的常識，保證讓你看了大吃一驚!想讓自己更聰明、思維更敏捷嗎?本書讓你發現許多別人不知道的常識與由來，不僅趣味又能長知識!   總...more
",https://www.books.com.tw/products/0010620565?loc=P_0003_051
552,挪威人教我，比工作更重要的事：不用加班、不用存錢的滿足人生,李濠仲,2013-12-03,"
比起追求「小確幸」，「滿足」才是人人渴求的終極目標。 被譽為「生活最美好的國家」，究竟挪威人怎麼過生活?怎樣很滿足?   超時工作：你一周加班幾天?挪威上班族平均下班時間是下午四點，只有3%的人曾經...more
",https://www.books.com.tw/products/0010618226?loc=P_0003_052
553,陳查理傳奇：一個中國偵探在美國,黃運特,2013-12-01,"
陳查理是一個美國製造的中國傳奇。他是由美國小說家畢格斯創造、以華裔警察鄭平為原型的中國神探。儘管他在中國幾乎不為人知，在美國卻可謂家喻戶曉。自1925年以來，共有六部陳查理小說、四十七部陳查理電...more
",https://www.books.com.tw/products/0010626919?loc=P_0003_053
554,你不可不知的經典500文化常識,張中延,2013-11-27,"
西方人為什麼忌諱「13」?   為什麼鈕扣是「女左男右」?   一天真的是24小時嗎?   「千金小姐」真的值千金嗎?   大家形容有錢人是「家財萬貫」，那麼「萬貫」到底是多少?   這些問題說大不大，說小不小，但...more
",https://www.books.com.tw/products/0010618222?loc=P_0003_054
555,近三百年歷史、人物與思潮,鄭吉雄,2013-11-01,"
歷史、人物與思潮都離不開「人」，都是人文學的核心範疇。人文學的永恆之美，有待於每一個時代的知識分子賦予新詮釋和新價值。作者鄭吉雄教授研究東亞經典詮釋、中國思想史、《周易》經傳哲學等有年，這部...more
",https://www.books.com.tw/products/0010619809?loc=P_0003_055
556,俠客行：傳統文化中的任俠思想,林保淳,2013-09-01,"
俠客到底是仗勢欺人的流氓強盜、法律的抗拒者?還是打抱不平的正義化身、法律的代言人?   俠客追求的個人快意恩仇的「義氣」，與儒家的「仁義」及墨家的「公義」又有甚麼不同?   在以男性陽剛為主的傳統社...more
",https://www.books.com.tw/products/0010598704?loc=P_0003_056
557,美索不達米亞：文明的起源,劉增泉,2013-08-27,"
「美索不達米亞」，希臘語原意為「兩河之間」，指在底格里斯河與幼發拉底河之間的地區。生活於此的蘇美人發明了文字、天文、占卜，甚至也有完整的法律制度與祭祀儀式，繁榮極盛持續了千年之久。然而由於氣...more
",https://www.books.com.tw/products/0010612544?loc=P_0003_057
558,人類歷史與文明的演遞：自由民主人權的體驗,陳水源,2013-08-01,"
本書名為：《人類歷史與文明的演遞》(The Evolution of History and Civilization)，顧名思義，旨在探討人類從蠻荒走向文明的過程，歷經數千年的奮鬥、爭戰、殘殺的歷史事實，如何記取教訓，邁向文明理性...more
",https://www.books.com.tw/products/0010594190?loc=P_0003_058
559,圖解：歷史的寬容,房龍,2013-07-31,"
二十幾種語言版本，全球銷售突破三千萬冊，房龍的得意之作!   ■一部關於寬容和自由思想，挑戰愚昧與極端觀念的歷史佳作   寬容是一種美德，更是一種奢侈品。房龍說，「『購買』它的只有那些有著非凡智力的...more
",https://www.books.com.tw/products/0010594709?loc=P_0003_059
560,女性，戰爭與回憶：三十五位重慶婦女的抗戰講述,李丹柯,2013-07-01,"
1937 年，重慶被國民黨政府列為陪都後，躍然成為戰時中國政治中心之一。生活在這裡的女性忽然發現，戰爭從遙遠的新聞變為難以逃避的生活狀態。響徹城市上空的警報、擁擠的防空洞、飛漲的物價、流落街頭的...more
",https://www.books.com.tw/products/0010595837?loc=P_0003_060
561,天之鏡 全譯本,葛瑞姆．漢卡克,2013-06-29,"
揭開承襲自遠古文明的天地對應規劃   重新發掘失落文明封印萬年的驚人密碼   眼見已不足為憑!   透過神話和驚人的天文考古證據，看穿古埃及金字塔、吳哥遺跡、復活節島雕像及中美洲巨石廢墟留給我們的啟示...more
",https://www.books.com.tw/products/0010590474?loc=P_0003_061
562,在傳統與變革之間：英國文化模式溯源,錢乘旦、陳曉律,2013-06-17,"
英國發展方式以和平、漸進、改革為主要特色，但就在這平穩的現象之下，英國經歷了最深刻、最驚濤駭浪的社會變化：它率先闖進現代文明的大門，第一個走進現代社會，開創了現代經濟與政治制度。這種劇烈的變...more
",https://www.books.com.tw/products/0010589072?loc=P_0003_062
563,失落的世界：神秘消失的古文明,陳奇勳,2013-06-08,"
神秘消失的繁華   神秘的繁華，還不清楚從哪裡來，就消失得無影無蹤。   古代多少文明，一度繁華，一夜之間卻突然灰飛煙滅。   它們來自哪裡，它們又去了哪裡?有幾人能說清?   古蹟的真正建造者，隨著歷史...more
",https://www.books.com.tw/products/0010589674?loc=P_0003_063
564,古羅馬的旅人,劉增泉,2013-06-07,"
「羅馬不是一天造成的」說明了偉大的羅馬帝國並非在短時間內即可促成，誠如凱薩大帝所言：「我來，我見，我征服」向來只有征服別人，沒有被征服的羅馬帝國是靠著堅強的韌性以及古老的智慧得以傳承延續。在...more
",https://www.books.com.tw/products/0010595770?loc=P_0003_064
565,禮法與信仰：中國古代女性研究論考,蒲慕州,2013-06-01,"
1. 本書是一部史學學術論文集，以“婦女史”為專題，   2. 收錄內地及香港多所大學的學者論文14篇   3. 全書圍繞中國古代女性與社會(包括法律、宗教等方面)的關係立論，內容涵蓋了由周(公元前1046年)至宋(公...more
",https://www.books.com.tw/products/0010595536?loc=P_0003_065
566,改變世界的萬物事典：看得見的人類文明演化型錄,平凡社編輯部,2013-05-14,"
人類的歷史其實就是一部物的歷史；   人類文明則是以成千上萬事物堆疊出的演化史。   百年口碑的出版社--平凡社隆重鉅獻   動員全社編輯菁英 ╳ 蒐羅古籍精彩插圖   =日本出版史上最具代表性的百科全書濃縮...more
",https://www.books.com.tw/products/0010586230?loc=P_0003_066
567,文明大探險：你需要知道的3000個基本事實,保羅．巴恩,2013-05-09,"
全球青少年愛讀的科普書   希臘人所謂的美索布達米亞，   指的是兩河之間的地方，這點你肯定知道。   你也知道蘇美人是兩河流域最早的居民，   還有其後的阿卡德人、巴比倫人和亞述人所建立的巴比倫文明，...more
",https://www.books.com.tw/products/0010585826?loc=P_0003_067
568,玉璞觀點：文學、藝術、思想的另類思考,陶玉璞,2013-02-01,"
「玉璞觀點」，顧名思義，當然就是陶玉璞的觀點，因為「獨特」而難以形容，所以又加「另類」二字來詮釋；另外一層意思，則表示這些都是還需要讀者試煉、同道砥礪的原初觀點，倘若讀者有識，則其光華將自現...more
",https://www.books.com.tw/products/0010575045?loc=P_0003_068
569,世界遺產全書,林志恆、墨刻編輯部,2013-01-31,"
MOOK在「世界遺產」這個領域長期耕耘，多年來始終享有口碑，這本全新的《世界遺產全書》，收錄了截至2012年止，全世界962座世界遺產，也是市場上最新、最完整的世界遺產專書。   全世界962座世界遺產分布...more
",https://www.books.com.tw/products/0010574028?loc=P_0003_069
570,美食的世界地圖,"吉爾．富梅,奧利維．艾須凡希亞",2012-11-23,"
關於美食的故事，你知道多少?   蕃茄：15世紀才由西班牙人引進歐洲，最初人們還怕它有毒而不敢食用。   咖啡館：最早出現在君士坦丁堡，由兩個敘利亞人所開設。   燒烤：19世紀歐洲宮廷及王公貴族的豪宅中...more
",https://www.books.com.tw/products/0010566575?loc=P_0003_070
571,彭巴草原上的蕃薯：台灣人阿根廷移民史1960-2012,"吳勝基等,曾昭陽",2012-11-03,"
1960年一群在台灣土生土長的番薯仔，   踏上滿載亞洲移民的輪船，   航向距離台灣最遙遠的國度-阿根廷。   六○、七○年代起，這樣的拓荒番薯陸續抵達，   紛紛在彭巴草原擘劃屬於自己的未來。   他們賣掉台...more
",https://www.books.com.tw/products/0010564678?loc=P_0003_071
572,神秘的能量：埃及金字塔之謎,邢豔,2012-09-03,"
金字塔是雄偉的，我們可以想像萬人合力建造金字塔的場面是何等壯觀。   金字塔是神秘的，有關金字塔的傳說和法老的詛咒，始終讓人們半信半疑。   金字塔也是悲傷的，因為貪婪的盜墓賊剝去了它華麗的外衣，...more
",https://www.books.com.tw/products/0010557198?loc=P_0003_072
573,和新井一二三一起讀日文：你所不知道的日本名詞故事,新井一二三,2012-08-10,"
日本名詞，躲著味道。   玉子，春雨，蕎麥，牡丹肉……   可愛優雅的外表下，是樸實的味覺。   日本名詞，收納異國情調。   露西亞，彷彿流轉魚子醬光澤。   南蠻，傳現當年紅毛人的霸氣。   日本名詞，統整...more
",https://www.books.com.tw/products/0010554740?loc=P_0003_073
574,100個國家的100樣神祕謎團,王紅梅,2012-07-02,"
小故事看天下：我的第一套世界公民常識入門書   中小學國際教育課外閱讀圖書   本套叢書一套6本，帶領你跨越高山大海，穿梭時光隧道到全球五大洲去旅行!讓你在簡單的文字和豐富的圖畫中，體驗各國文化，學...more
",https://www.books.com.tw/products/0010551023?loc=P_0003_074
575,江戶.東京,簡白,2012-07-01,"
●看情色電影可以了解日本?   ●「神隱」幫你逃家逃學逃班逃婚逃兵?   ●遺忘是對死者最好的祝福?   ●「末代武士」西鄉隆盛的照片攏是假?   ●「盲劍俠」北野武「盲劍客」勝新太郎誰比較壞?   ●「藝妓」風韻留...more
",https://www.books.com.tw/products/0010551295?loc=P_0003_075
576,100個國家的100件珍貴國寶,王瓊、楊曉鳳,2012-06-15,"
小故事看天下：我的第一套世界公民常識入門書 中小學國際教育課外閱讀圖書   本套叢書一套6本，帶領你跨越高山大海，穿梭時光隧道到全球五大洲去旅行!讓你在簡單的文字和豐富的圖畫中，體驗各國文化，學習...more
",https://www.books.com.tw/products/0010547339?loc=P_0003_076
577,那些年，他們一起追的世紀之謎,劉樂土,2012-05-21,"
逝去的歷史，如美好的青春一去不回   留下的，總是缺了幾塊的拼圖   我們永遠想知道   為什麼木乃伊總是盛裝出席?   為什麼復活節島的巨人像總是面色凝重?   為什麼古人總愛用活人祭神?   為什麼水晶骷髏...more
",https://www.books.com.tw/products/0010543309?loc=P_0003_077
578,100個國家的100種獨特文化,徐星智、章青青,2012-05-15,"
小故事看天下：我的第一套世界公民常識入門書 中小學國際教育課外閱讀圖書   本套叢書一套6本，帶領你跨越高山大海，穿梭時光隧道到全球五大洲去旅行!讓你在簡單的文字和豐富的圖畫中，體驗各國文化，學習...more
",https://www.books.com.tw/products/0010547331?loc=P_0003_078
579,菸草、咖啡、酒，上癮五百年,大衛．柯特萊特,2012-01-03,"
正人君子所諱言的藥物，在歷史上的力量有多大?   一八八一年間，一位西班牙醫生接生了一個死嬰，他狠狠吸了口雪茄朝嬰兒臉上一噴，本來死寂的嬰兒開始抽動，接著臉部一扭，哭出聲來。這嬰兒即是畢卡索。  ...more
",https://www.books.com.tw/products/0010530505?loc=P_0003_079
580,平民的先知：卡萊爾與英國維多利亞社會,方志強,2011-12-01,"
英國的維多利亞時代，通常是指西元1837年至1901年，英國維多利亞女王在位的時期，這是英國從農業社會轉變為工業社會的轉型時期。就在這個年代，勃朗特(Charlotte Bronte)出版了她的《簡愛》(Jane Eyre)(18...more
",https://www.books.com.tw/products/0010531069?loc=P_0003_080
581,古代文明的開展-文化絕對價值的尋求(修訂二版),王世宗,2011-11-01,"
現代世界的種種樣貌，根源於歷史演變的陳跡，從古代文明的開展，吾人可以從中理出當下發生事物的前因後果。今日的歷史，不管做為一門專業知識，或者做為一種學術工具，在使用效率的考量下，早已化為瑣碎的...more
",https://www.books.com.tw/products/0010527762?loc=P_0003_081
582,文明的拼圖,凱文．王,2011-07-27,"
人類史前文明的某個時刻，一群人出現在地球上，他們以遠超出人類想像力的方式，把整個地球變成了一個巨大的工地。他們建造這個工程的目的，仿佛是為了迎接某個神秘的儀式，一待這個具有地球尺度同時又精密...more
",https://www.books.com.tw/products/0010513426?loc=P_0003_082
583,日和見閒話,李長聲,2011-06-22,"
「日和見」，本義是看天，看天氣好壞。   有這類套話很便利寒暄，避免了相視一笑或者被問及行蹤的尷尬。   曾有人評作者之文說：「頗有經過文革的人士所慣有的行文的『痞子味』」   村上春樹說，重讀自己...more
",https://www.books.com.tw/products/0010509329?loc=P_0003_083
584,近代西方文明史(二版),林立樹、蔡英文、陳炯彰,2011-04-20,"
本書以引導學生明瞭近代人文思想、政治思潮及大眾文化，以增進對世界文化的認識；明瞭近代社會中種族、階級和兩性關係，以建立多元文化的世界觀；以及明瞭文的變遷及影響，以培養學生正確歷史思維的方法。...more
",https://www.books.com.tw/products/0010510931?loc=P_0003_084
585,惟適之安：嚴復與近代中國的文化轉型,黃克武,2010-12-01,"
本書以新的史料刻畫出   嚴復所面對的挑戰與思想上的徬徨和奮鬥，   並藉此思考文化轉型的現實意義。   本書以嚴復為例探討中國近代的思想與文化的轉型。轉型時代的觀念由張灝先生提出，意指1895至1925前...more
",https://www.books.com.tw/products/0010488829?loc=P_0003_085
586,時代的噪音：從狄倫到U2的抗議之聲,張鐵志,2010-10-01,"
火炬傳過來了 現在就看你願不願意點燃心底那支蠟燭   2003年春天，美國出兵伊拉克。那年冬天，席格的朋友約翰在一個寒冷雨夜開車回家，看到一個高瘦的老人穿著厚重大衣站在路邊，手上高舉著一個牌子，許多...more
",https://www.books.com.tw/products/0010483559?loc=P_0003_086
587,日本文化,徐興慶、徐翔生、黃翠娥、黃智暉、田世民、黑田秀教、橫路明夫、橫路啟子,2010-09-28,"
鑒於國內介紹日本現代流行文化的相關教材仍缺乏適合大學生閱讀，並以通史性、概說性、比較性為內涵，對日本文化作難易適中的闡釋。有鑑於此，為讓讀者在培養日語能力的學習過程中，也能一窺日本文化的堂奧...more
",https://www.books.com.tw/products/0010484675?loc=P_0003_087
588,東西印度之間：非裔加勒比海與南亞裔女性文學與文化研究,馮品佳,2010-09-01,"
《東西印度之間：非裔加勒比海與南亞裔女性文學與文化研究》集合了加勒比海與南亞相關領域的研究論文，透過對於文學以及電影文本的閱讀，試圖了解此二地區的後殖民情境與種族、性別、宗教認同問題，以及非...more
",https://www.books.com.tw/products/0010480550?loc=P_0003_088
589,游芳憫文史專集第一卷：中西文化與哲學述要,游芳憫,2010-07-01,"
文化是人類活動的歷史痕跡，也是人類在文明進展中共同努力的結果。本書探討東西文化的開端、演進、衝突、轉變、嬗遞乃至於融會、接納與交流。   作者以深入淺出的筆調、公正平和的立場與不卑不亢的角度，...more
",https://www.books.com.tw/products/0010475985?loc=P_0003_089
590,從日語看日本文化,何志明,2010-06-01,"
為甚麼日本人愛說「對不起」?為甚麼日本人愛說模棱兩可的話?不同地方的語言各有特色，也可以反映各地人士言行舉止背後的意義。本書透過觀察日語中的尊謙語、待人接物的表達形式、共通語及方言等日常生活裡...more
",https://www.books.com.tw/products/0010474827?loc=P_0003_090
591,我看日本文化精神：有感人生,賴東明,2010-05-01,"
無感地震讓人感受不到它的存在，生活也是同樣容易被人們忽略，常常只是一天天讓日子流逝，而不是有感覺的活著。   日本人是用心在過生活的，在日常中維持「有感」的觸角，時時感受、用心感覺、細處感動、...more
",https://www.books.com.tw/products/0010467359?loc=P_0003_091
592,世界知識公民：文化名家訪談錄,李懷宇,2010-05-01,"
近年來，我在中國大陸、香港、美國訪問了上百位前輩名家，相談甚歡，受益良多。二oo九年夏天，我又有幸到臺灣訪問，拜會了十多位文化名人。就個人性情而言，對熙熙攘攘之事只有遙遠的興趣，而對歷史與文化...more
",https://www.books.com.tw/products/0010467780?loc=P_0003_092
593,毛澤東時代的人民電影(1949~1966年),啟之,2010-04-01,"
本書是一部中國(大陸)電影的斷代史，探討的是新中國的第一個歷史時期──1949年至1966年人民電影興盛、調整、改革、挫折的歷史過程。在中國電影史上，人民電影是一個特定的歷史名詞，指的是「在中國共產黨和...more
",https://www.books.com.tw/products/0010465342?loc=P_0003_093
594,你必須知道的450個世界文化常識,于震,2010-03-04,"
.現在，讓我們開始走向世界吧!   .飛行服為什麼沒有紐扣?   .熱狗是吃狗肉嗎?   .你知道親吻可以防止皺紋產生嗎?   .《當你告訴我你愛我時，我為什麼要相信你，因為你我早已知道你一輩子都在騙人》←竟然是...more
",https://www.books.com.tw/products/0010462960?loc=P_0003_094
595,千年繁華3 京都思路(新版),壽岳章子,2010-01-29,"
京都的街道巷弄風情萬千，千年來，交織著多少的人情韻味及歷史風華， 世世代代，守護著千年古城變與不變的永恆。   相對於《千年繁華》、《喜樂京都》以京都街巷為中心，訴說著壽岳章子家兩代的生活情味與...more
",https://www.books.com.tw/products/0010458932?loc=P_0003_095
596,千年繁華2 喜樂京都(新版),壽岳章子,2010-01-29,"
寧靜踏實的生活情味，燦爛華麗的傳統祭典，蘊育出京都深沉豐厚且獨特的風景，自在而喜樂。   溫暖親切的文字，加上細膩白描的插圖，讓《千年繁華》所傳達出的古都風華，在無數讀者心中激盪出難以忘懷的感...more
",https://www.books.com.tw/products/0010458988?loc=P_0003_096
597,MIYA字解日本：鄉土料理,茂呂美耶,2010-01-22,"
代代相傳的家庭口味、有滋有味的大和韻事 MIYA帶領你從【關鍵字】 開始認識鄉土料理   鄉土料理百選，你選哪一道?   所謂的「百選」，實際上只有九十九道料理，因為心目中最懷念的那一道家鄉菜，只有你才...more
",https://www.books.com.tw/products/0010458267?loc=P_0003_097
598,東京灣閒話,李長聲,2009-12-31,"
日本世相精彩多樣，要能看穿繁華表層底下，非得有駁雜閱讀人物、展演、書報所得之獨到眼光。冷眼熱腸知日者李長聲，舉杯推出【閒話】系列第三作，依舊笑語盈盈酒氣酣暢，筆下指點文壇恩仇社會萬象，從總理...more
",https://www.books.com.tw/products/0010456949?loc=P_0003_098
599,歐洲摩登：美感與速度的現代記憶,辜振豐 Gu Zhenfeng,2009-12-24,"
本書的焦點集中在十九世紀末到二十世紀初期的歐洲文化。法國設計師香奈兒是「摩登時代」的代言人，她強調，二十世紀一登場，女性開始進入職場，服裝應該以簡單、舒適、整潔為主。這其實是呼應新時代的來臨...more
",https://www.books.com.tw/products/0010456728?loc=P_0003_099
600,現代主義異端的誘惑：從波特萊爾到貝克特及其他人,彼得．蓋伊,2009-12-09,"
以獨一無二的寬廣度和精彩度，呈現一場異端者的盛會。 在近年出版的文化史作品中出類拔萃，是當代一個大歷史家的至高成就。   本書集合了彼得.蓋伊(Peter Gay)一生學問之精華，是他繼《弗洛依德傳》之後最...more
",https://www.books.com.tw/products/0010455038?loc=P_0003_100
601,海盜的故事,奈傑爾．考索恩,2009-11-12,"
十六到十八世紀縱橫大西洋、加勒比海和印度洋，飄揚著詭異的骷髏旗   搶糧、搶財、搶名聲   曾給英國皇家海軍、西班牙無敵艦隊幾分顏色瞧，   連國王陛下都要委託他們載運珍貴貨品，   這群人叫「海盜」!!...more
",https://www.books.com.tw/products/0010452897?loc=P_0003_001
602,世界文明史 後篇：從工業革命到現代,"Edward McNall Burns,Philip Lee Ralph,Robert E. Lerner、Standish Meacham",2009-10-22,"
本書作者們認為工業革命在重要性上不亞於拿破崙戰爭。他們相信，了解佛陀、孔子、牛頓、達爾文和愛因斯坦，比能夠細數法蘭西諸王更具有重要意義。相應於如此寬廣的歷史觀，與古斯塔夫‧阿道爾夫和惠靈頓公...more
",https://www.books.com.tw/products/0010450789?loc=P_0003_002
603,發掘酷日本!COOL JAPAN,NHK『COOL JAPAN』採編組,2009-09-20,"
「福袋、衛生紙交換、百圓商店、膠囊飯店、秋葉原、自動販賣機、民間檢定… ，其實外國人眼中的日本，已經跟我們印象中的截然不同了!」   以往只要提到日本，外國人就會聯想到富士山、和服、壽司、天婦羅等...more
",https://www.books.com.tw/products/0010448224?loc=P_0003_003
604,有關歷史的100個故事,楊明華,2009-09-01,"
什麼是「禪讓制」?   春秋五霸是哪些?   中國歷史上唯一的女皇帝是誰?   尼羅河流域文明是怎樣發源的?   特洛伊戰爭發起的原因是什麼?   古希臘的《荷馬史詩》是怎樣一部作品?   古印度的種姓制度是怎樣產...more
",https://www.books.com.tw/products/0010446777?loc=P_0003_004
605,日本文化史導論,陳鵬仁,2009-09-01,"
廣義來說，文化是一個國家或民族的生活方式，而記述其生活方式之歷史的就是文化史。人類的生活方式以政治、經濟、社會、對外關係、文學、宗教、藝術、思想道德等為其內容。 政治、經濟、社會、對外關係，...more
",https://www.books.com.tw/products/0010447184?loc=P_0003_005
606,搖滾：狂飆的年代-Rock’n Roll:Down the Flaming Road,梁東屏,2009-08-12,"
作者簡介 梁東屏   一九五一年生，廣東省恩平縣人。   文化大學新聞系畢業，曾任《中時晚報》國際組主任，現任《中國時報》駐東南亞特派員。曾獲吳舜文基金會第十七屆新聞採訪報導獎。   著有《一個人@東...more
",https://www.books.com.tw/products/0010445318?loc=P_0003_006
607,殷海光全集 3 西方之未來,J. G. De Beus,2009-08-01,"
如果我們所需要的是健康的知識而不是麻醉的劣酒，那麼這本書是很值得一讀的。──殷海光   二十世紀上半葉，人類歷經兩次世界大戰的殘酷洗禮，深感前景茫茫，特別是西方的知識菁英，對於西方文明的前景，更...more
",https://www.books.com.tw/products/0010445471?loc=P_0003_007
608,有關文化的100個素養,楊明華,2009-07-02,"
阿拉伯婦女為什麼要用面紗? 日本人為什麼喜歡穿和服? 夫妻為什麼被稱為「結髮」? 希臘人為什麼喜歡白天睡大覺? 「四」到底是吉祥數字還是不吉數字?   「人生而有涯而學無涯。」每個人的時間和經歷是有限的...more
",https://www.books.com.tw/products/0010440445?loc=P_0003_008
609,飲食、權力與國族認同,Katarzyna J. Cwiertka,2009-07-01,"
日本料理不僅風行台灣，過去二十年間在西方也日益受到歡迎。但或許讓人意外的是，目前我們所認知的日本料理其實是相當現代的發明。十九世紀末、二十世紀初的日本不僅在政治上發生劇烈改變，同時也是現代飲...more
",https://www.books.com.tw/products/0010444491?loc=P_0003_009
610,文化藝術之旅,池田大作、饒宗頤、孫立川,2009-07-01,"
日本著名宗教領袖；社會活動家池田大作與本港著名國學大師饒宗頤及文化學者孫立川的對談集，內容豐富。涉及中日兩國的文、化藝術交流史、治學之道、藝術理論探索，深入淺出。具知識性，貼緊現代；中日文化...more
",https://www.books.com.tw/products/0010452073?loc=P_0003_010
611,世界文明史 前篇：從史前時代到前近代,"Edward McNall Burns,Philip Lee Ralph,Robert E. Lerner,Standish Meacham",2009-06-01,"
歐美長銷數十年，不朽經典之作   史學大師Philip Lee Ralph帶領多位學者完成，橫跨萬年時空、超過百萬字的人類文明史   本書作者們認為工業革命在重要性上不亞於拿破侖戰爭。他們相信，瞭解佛陀、孔子、牛...more
",https://www.books.com.tw/products/0010434536?loc=P_0003_011
612,看漫畫了解日本的行事,依田秀輝,2009-05-01,"
看漫畫學日本風俗節慶!內容淺顯易懂，劇情詼諧風趣，每個漢字都有標上假名，是最適合日文初學者的漫畫教材!   本書以漫畫方式，深入淺出地介紹日本各個月份的重要節慶。   「3月」最著名的節日就是女兒節...more
",https://www.books.com.tw/products/0010435964?loc=P_0003_012
613,史頁閑注─西方文化史隨筆,趙復三,2009-04-01,"
在眾多歐洲歷史書籍中，一提到西方中世紀學，很難不讓人想到華人歷史、宗教學者趙復三教授，花了將近十年中譯成書的史學經典著作──《歐洲思想史》。收集在本書中的三十篇小文都是趙教授關於西方文化史中的...more
",https://www.books.com.tw/products/0010440504?loc=P_0003_013
614,維梅爾的帽子：從一幅畫看十七世紀全球貿易,卜正民,2009-03-27,"
在某幅畫中，一名荷蘭軍官彎身靠向一名大笑的女孩。另一幅畫中，有個女人在窗邊秤銀子的重量。又一幅畫中，水果從瓷碗中滿出，掉在土耳其地毯上。維梅爾的畫作，以其美麗和神秘叫人看後久久難忘，但那些以...more
",https://www.books.com.tw/products/0010430729?loc=P_0003_014
615,Miya字解日本-十二歲時,茂呂美耶,2009-03-13,"
本書以四季春夏秋冬為序、十二個歲時為文本，介紹日本歲時節慶的生活、飲食、風俗、民情。   對日本人來說，每個月都有要做功課和遵守的禮節，衍伸而出的各式物品與儀式，個個有趣又有意思，你知道什麼是...more
",https://www.books.com.tw/products/0010428686?loc=P_0003_015
616,易學對德川日本的影響,吳偉明,2009-02-01,"
本書旨在透過《易經》去探討傳統中國知識體系在日本德川(1603–1868)思想文化史所扮演的角色。《易經》早於上古便傳入日本，經過中世學者的鑽研 及宋明理學的興起，易學在德川時代達到全盛期，它對德川政治...more
",https://www.books.com.tw/products/0010430738?loc=P_0003_016
617,西洋上古文化-探索與反思,蒲慕州,2009-01-01,"
本書主要涵蓋的時間範圍包括了古代近東兩河文明、古代埃及、波斯、以色列，以及希臘、羅馬。全書基本上以年代順序介紹這些不同的古代文明，除了政治和社會的基本架構之外，本書也設法多談一些文學、藝術、...more
",https://www.books.com.tw/products/0010425645?loc=P_0003_017
618,十八世紀英國紳士的大旅遊,黃郁珺,2008-12-01,"
生活在現代，旅行可以是說走就走的瀟灑，想到哪裡就到哪裡的自在。在各種名目的旅行中，「行萬里路勝讀萬卷書」的求知精神與文化體驗，始終是旅行不衰的目的之一。我們用「校外教學」補充課堂上無法習得的...more
",https://www.books.com.tw/products/0010426920?loc=P_0003_018
619,真理論述：文明歷史的哲學啟示,王世宗,2008-11-01,"
本書藉由歷史所見說明真理的意涵，然其所論並非史上的真理論述而是真理在史上的呈現；因歷史既包含所有人事，歷史所見的真理其實是人所能知的終極真相。為證明與說明真理的體系，真理論述的架構必由上而下...more
",https://www.books.com.tw/products/0010422341?loc=P_0003_019
620,風來坊閒話,李長聲,2008-09-12,"
本書是李長聲繼《居酒屋閒話》之後，第二本以「日本文化」為主的隨筆。書中除了精選他在東京中文報紙同名專欄所發表的文章之外，還收錄過去二十年中，他所寫關於日本文化、作家軼事等文章精華，內容包羅萬...more
",https://www.books.com.tw/products/0010414655?loc=P_0003_020
621,近代外交史Q&A,蔡東杰,2008-08-05,"
本書將引領大家利用現代國際關係理論，觀察在東西方兩種不同國際體系進行接觸時，因不同體系規範所導致的衝突處理與其後續影響。...more
",https://www.books.com.tw/products/0010412524?loc=P_0003_021
622,日本情色/華人慾望,,2008-05-09,"
人類的性慾是否與生俱來的?日本色情影音商品是否一定會導致人們有性犯罪的傾向呢?人們消費色情商品是否完全受其性慾所驅使呢?這些問題的答案似乎都是人人皆知，但是本專輯卻偏偏把這些理所當然拿來推敲、...more
",https://www.books.com.tw/products/0010400619?loc=P_0003_022
623,歷史與文化,王美惠、王華昌、何世同、吳榮輝、陳秀卿、張麗芬、蔡宸康,2008-03-01,"
所謂「文化」，包含了人類社會中，「一切非自然產生的事務」。英國牛津大學教授愛德華?泰勒(Edward Burnet Tylor)說過：「文化是一個複合物，包括知識、信仰、藝術、道德、法律、風俗和一切創造人類社會成...more
",https://www.books.com.tw/products/0010396575?loc=P_0003_023
624,未解之謎,智能教育,2008-01-26,"
漂流的諾亞方舟，所羅門的寶藏，來去無蹤的飛碟，這些看似虛幻的東西是否真的存在過?復活節島上的巨石像是如何造出來的?百慕大三角航上的船隻和船員?何會失蹤?法國史上的鐵面人是誰?凱撒的遇刺，拿破侖的...more
",https://www.books.com.tw/products/0010408677?loc=P_0003_024
625,探索冒險,智能教育,2008-01-26,"
從刀耕火種的年代開始，人們就不斷挑戰自己的未知領域。靠簡陋的儀器和粗淺的地理知識，以及非凡的毅力，勇者們遙征遠度，挑戰自我的極限，探索無人地域。 本書選用了百餘幅歷史圖片，帶領讀者進入探險家...more
",https://www.books.com.tw/products/0010408678?loc=P_0003_025
626,發明發現,智能教育,2008-01-26,"
有一位科學家偶然發現露珠可以令葉子看起來比正常大，經實驗後，他發現曲面的玻璃也有放大效果，於是人們開始用玻璃製造放大鏡與眼鏡，後來更有一位荷蘭的眼鏡製造者發明了顯微鏡；英國的一位醫學生?了作...more
",https://www.books.com.tw/products/0010408680?loc=P_0003_026
627,文明與野蠻,羅伯特‧路威,2008-01-01,"
本書是美國人類學家羅伯特?路威(Robert H. Lowie)的名著，深入淺出地描繪和闡述人類文明文化史，通俗易懂，譯者呂叔湘教授稱之為“外行內行都能欣賞的科普讀物”。它從人們最日常的吃飯穿衣說 到彈琴寫字，...more
",https://www.books.com.tw/products/0010397578?loc=P_0003_027
628,歷史上的英雄,威爾‧杜蘭,2007-12-05,"
依循個人暢銷鉅著《文明的故事》(The story of Civilization)與《歷史的教訓》(The lessons of History)的傳統，普立茲獎得主、歷史學家杜蘭在本書追蹤參與塑造文明的人與觀點，從現代社會(modern......more
",https://www.books.com.tw/products/0010388237?loc=P_0003_028
629,居酒屋閒話,李長聲,2007-07-13,"
◎「知日者」的日本文化物語 北京上海廣州東京一路開專欄 最有人氣的旅日華人隨筆作家   居酒屋本來是庶民的小酒館。只要打出「居酒屋」的看板，就是為了號召大眾，排闥直入。價錢瞭然於胸，一樣的水酒，一...more
",https://www.books.com.tw/products/0010372474?loc=P_0003_029
630,世界遺產機密檔案,張翅、王純,2007-05-09,"
誰建造了英國的巨石陣? 智利的復活島巨石人像有什麼功用? 祕魯馬丘比丘遺址為何突然成為空城? 墨西哥提奧提華坎城是阿茲提克人的天路指標?   世界遺產是全人類共有，具有無可取代自然與文化價值的珍貴資產...more
",https://www.books.com.tw/products/0010366614?loc=P_0003_030
631,人類文明大揭密套書,曼雷、費根、帕金,2007-05-08,"
您不可不知的人類文明奇蹟一次完整收錄!   在人類文明的時間之輪中，屢見奇蹟，分別揭開文明古國、人類發明及偉大建築的七十個謎團，從古老的智慧結晶裡獲取知識之光，感受文明之美， 《古埃及七十謎團》 ...more
",https://www.books.com.tw/products/0010366621?loc=P_0003_031
632,5000年世界文明瑰寶集萃,"Anne McRae,Ronne Ran",2007-04-16,"
兩河流域是由幼發拉底河和底格里斯河沖積而成的肥沃土地，埃及、希臘、羅馬等文明均受其發展的影響，而中國的文明也於肥沃的黃河流域誕生...本書以兩河流域為起點，陸續介紹埃及、希臘、羅馬、塞爾特、中...more
",https://www.books.com.tw/products/0010360234?loc=P_0003_032
633,反叛的凝視,張鐵志,2007-01-31,"
鐵志有一顆炙熱的心，一雙清明的眼，還有非常少見的理想性格，他總是能在無望處看見希望，在黑暗處看見光亮，而且在眾人早已習以為常的故事裡看見另一種可能，他不斷探問：在這個結構森然的強權世界裡，有...more
",https://www.books.com.tw/products/0010354515?loc=P_0003_033
634,西方四文化,John W. O,2006-10-01,"
我們時代西方智識的作用──無論是在政治、藝術、人文學科還是教會方面──既令人困擾又神秘難解。這些作用引領我們追問：我們要往哪裡去?我們當初究竟在想什麼?西方歷史中有四大「文化」；其影響是如此深刻，...more
",https://www.books.com.tw/products/0010344494?loc=P_0003_034
635,日本近代史(修訂三版),林明德,2006-09-01,"
日本為何能在短短的數十年內，從廢墟中恢復，一躍而為經濟強國?在人稠地小、資源缺乏的條件下，卻在戰後有經濟奇蹟式的發展，的確令人驚奇。自明治維新以後，日本脫離中國儒教文化圈，轉而模仿西方文化，...more
",https://www.books.com.tw/products/0010377719?loc=P_0003_035
636,愛因斯坦的頭腦：人類文化未解之謎,王怡,2006-02-06,"
天才和一般人究竟有什麼不同? 解剖愛因斯坦的大腦，能夠找出什麼蛛絲馬跡嗎? 答案，似乎沒有絕對的定論。 但是，天才和笨蛋的差別，頗耐人尋味……   中國古代的偉大哲學家莊子說：「朝菌不知晦朔，蟪蛄不知...more
",https://www.books.com.tw/products/0010323122?loc=P_0003_036
637,《世界文明史》上,馬克垚,2005-09-30,"
文明是人類所創造的全部物質和精神成果。但是文明史不同於世界史，它所研究的是，歷史長河中各個文明的流動、發展、變化。本書由北京大學歷史系12位學者共同撰文，內容分為三大篇：農業文明時代、工業文明...more
",https://www.books.com.tw/products/0010309826?loc=P_0003_037
638,《世界文明史》下,馬克垚,2005-09-30,"
文明是人類所創造的全部物質和精神成果。但是文明史不同於世界史，它所研究的是，歷史長河中各個文明的流動、發展、變化。本書由北京大學歷史系12位學者共同撰文，內容分為三大篇：農業文明時代、工業文明...more
",https://www.books.com.tw/products/0010309827?loc=P_0003_038
639,公共意識與中國文化,陳弱水,2005-09-19,"
本書探討中國文化中有關「公共」和「社會」的意識，特別是前者。具體來說，涉及的課題有：公德觀念的性質與歷史淵源、公民倫理與華人民間倫理的關係、中國歷史上的「公」觀念、傳統中國文化中的「義」和社...more
",https://www.books.com.tw/products/0010310092?loc=P_0003_039
640,外星人的智慧遺產之謎,張恩鴻,2005-08-30,"
蘇美爾人如何算出精準的月球自轉速度?馬雅人從什麼地方學得算出太陽年及金星週期的小數點後四位數?中國古代所謂天神，指的是否是從天空來的人?上帝的真實身分是不是外星人?……等問題以現代科學的技術都還未...more
",https://www.books.com.tw/products/0010307945?loc=P_0003_040
641,UFO出沒的神秘世界：古今神秘現象全記錄〈UFO篇〉,汪建川,2005-08-01,"
地球上許多神秘遺跡，都被解釋為外星人的印痕!傳說中乘著「航天飛毯」的外星訪客們，真的從遠古時代就頻頻拜訪地球?不斷曝光的資料似乎說明，外星人降臨地球的行動從未間斷。甚至有些機密資料更驚爆地指出...more
",https://www.books.com.tw/products/0010307033?loc=P_0003_041
642,影響世界的100種文化,,2005-07-07,"
【發現文明系列】——   人類的知識猶如一條河，文明肇始以來，智識涓涓細流匯成江河，流過了漫漫的歷史時空，流到現代並奔向未來，從歷史的軌跡發現一條通往文明的路，讓我們省悟發展過程，尋找它給人類的...more
",https://www.books.com.tw/products/0010302866?loc=P_0003_042
643,100個最神祕的地方,季子弘,2005-07-07,"
【發現文明系列】——   人類的知識猶如一條河，文明肇始以來，智識涓涓細流匯成江河，流過了漫漫的歷史時空，流到現代並奔向未來，從歷史的軌跡發現一條通往文明的路，讓我們省悟發展過程，尋找它給人類的...more
",https://www.books.com.tw/products/0010302867?loc=P_0003_043
644,世界之最的故事,溫晴玲,2005-06-09,"
【發現文明系列】——   人類的知識猶如一條河，文明肇始以來，智識涓涓細流匯成江河，流過了漫漫的歷史時空，流到現代並奔向未來，從歷史的軌跡發現一條通往文明的路，讓我們省悟發展過程，尋找它給人類的...more
",https://www.books.com.tw/products/0010293940?loc=P_0003_044
645,西方文化地圖(下)西方歷史文化知識600問 歷史.哲學.文化拾遺篇,黃小燕,2005-06-01,"
簡明清晰的西文化地圖，輕鬆愉快的文化之旅。 用問答方式介紹西方文化，讓您輕鬆愉快閱讀西方文化與歷史，用最少的時間，掌握最多的西方歷史文化知識。   在漫長的歷史長河中，記載著無數人類發展的歷程與...more
",https://www.books.com.tw/products/0010293407?loc=P_0003_045
646,西方文化地圖(上)西方歷史文化知識600問 文學.政治.藝術篇,黃小燕,2005-06-01,"
簡明清晰的西方文化地圖，輕鬆愉快的文化之旅。 用問答方式介紹西方文化，讓您輕鬆愉快閱讀西方文化與歷史，用最少的時間，掌握最多的西方歷史文化知識。   在漫長的歷史長河中，記載著無數人類發展的歷程...more
",https://www.books.com.tw/products/0010293409?loc=P_0003_046
647,古埃及七十謎團,曼雷,2005-04-18,"
古埃及這個神祕的國度，充滿了現代人耳熟能詳的各種疑問與想像：究竟興建金字塔的真正目的為何?大人面獅身像和鄰近的大金字塔有何關聯?他們為什麼會將摯愛的人製成木乃伊?《出埃及記》是虛構還是真實?「埃...more
",https://www.books.com.tw/products/0010287542?loc=P_0003_047
648,印第安人的誦歌-美洲與亞洲的文化關聯,喬健,2005-04-11,"
本書以《印第安人的誦歌》為正題，但是也有一副題：《美洲與亞洲的文化關聯》，這也就展現了作者對人類文化理解的深刻與廣闊，他一方面刻畫了拿瓦侯人文化的深層意涵，另外一方面又能體認人類文化的共通性...more
",https://www.books.com.tw/products/0010288141?loc=P_0003_048
649,圖說交通探險史-從牛車到飛船,陳仲丹,2005-04-01,"
人類的生活離不開對外交往，離不開交通，而交通與探險兩者間本身也有�有機的聯繫。探險往往以交通的進步為前提條件，試想如沒有合用的遠洋帆船，哥倫布怎麼能“發現”美洲呢?   本書以各個歷史時期交通的發...more
",https://www.books.com.tw/products/0010294108?loc=P_0003_049
650,蒙娜麗莎的微笑,張微,2005-01-26,"
蒙娜麗莎的微笑為何神秘莫測? 而蒙娜麗莎又到底是誰? 是達文西的友人之妻? 還是……達文西的自畫像?!   歷史中真有荷馬其人和《荷馬史詩》?《伊索寓言》的作者真的是伊索嗎?《聖經》究竟是集體杜撰還是神的...more
",https://www.books.com.tw/products/0010281990?loc=P_0003_050
651,遠古文明49大謎,向思鑫,2005-01-25,"
與暢銷書《中國歷史49大謎》、《世界歷史49大謎》為同一系列，書中介紹49個神秘、難以置信的古文明謎團。全書共分七大篇，每篇探討七個謎。從遍佈世界的洪水神話、石器時代的開顱手術，到英格蘭巨石陣、特...more
",https://www.books.com.tw/products/0010281832?loc=P_0003_051
652,插圖的文化史,余鳳高,2005-01-01,"
插圖，是觸摸歷史的理想途徑。   本書起自古埃及用作陪葬的《死者書》，然後從古代的手抄本、印刷本開始，歷述文藝復興、巴羅克、洛可可、浪漫主義和現代主義的書籍插圖，闡明各時代插圖出現的或是政治、...more
",https://www.books.com.tw/products/0010303126?loc=P_0003_052
653,地名史話,林頫,2004-10-05,"
「地名」，就是一地之名，被賦予在人類生存、活動的土地上，是人類對自然環境所下的文化註解，透過對地名的研究，可以清楚地了解地理現象的演變過程，還能對地理樣貌的時代、區域特徵有所認識。中國幅員遼...more
",https://www.books.com.tw/products/0010275545?loc=P_0003_053
654,劍橋‧牛津：劍河裡的牛津倒影,彼得‧沙格爾,2004-07-29,"
一部內容豐富、文字雋永、資料完備的劍橋 牛津文化史。   牛津大學和劍橋大學是世界最佳大學排行榜的常客，也是英倫諸島上最著名的人文景觀；將近800年來，它們就競爭不斷、愛恨交織地聯繫在一起。   本書...more
",https://www.books.com.tw/products/0010265307?loc=P_0003_054
655,海德堡語絲,金耀基,2004-06-01,"
1985年九月金耀基拜訪了德國的海德堡。除了想獲得有個靜靜讀書的環境，特別想多瞭解德國研究來克斯.韋伯(Max Weber)的情形。韋伯是現代社會學的宗師，講社會學離不開韋伯，而韋伯、海德堡、社會學這三者有...more
",https://www.books.com.tw/products/0010444767?loc=P_0003_055
656,史尼茨勒的世紀: 布爾喬亞文化經驗一百年: 中產階級文化的形成1815-1914,彼得.蓋伊,2004-02-10,"
一部開創性和具有衝擊性的歷史作品，《史尼茨勒的世紀》重新評估了十九世紀的文化。   我們一向相信，最足以代表十九世紀的人物是維多利亞女王。然而在這本顛覆性的著作中，著名的文化史學家彼得?蓋伊卻指...more
",https://www.books.com.tw/products/0010248618?loc=P_0003_056
657,海角失樂園：神秘消失的夢幻文明,查理斯‧諾瑟恩‧肯亞,2003-12-05,"
許多人都相信，在深不可測的神秘大海裡靜靜躺著人類消失的樂園，有人說那是遠古人類締造的輝煌文明，有人說那是傳說中眾神居住的世界，也有人相信那是人類死後即將前往的極樂淨土。傳說中，一夜之間從地圖...more
",https://www.books.com.tw/products/0010241307?loc=P_0003_057
658,天才、狂人與死亡之謎,黛博拉‧海頓,2003-10-06,"
貝多芬的頭髮，訴說了他創作巔峰後謎樣的死亡? 舒伯特、舒曼的抒情樂章譜寫著生命中不可承受的痛楚? 梵谷生如烈焰，他自戕前瀕臨瘋狂的祕密? 美國聖人林肯每個星期服用一次含水銀的藍色藥丸? 狂人希特勒之...more
",https://www.books.com.tw/products/0010235968?loc=P_0003_058
659,現代西洋外交史: 兩次世界大戰時期,楊逢泰,2003-09-01,"
本書以第一次世界大戰前的歐洲局勢為出發，從外交上的角力，看戰爭爆發的必然性。   漫長的戰爭並未換來長期的和平，第二次世界大戰即因前次戰爭的惡果爆發，演成一場全球性的長期戰爭。   戰爭帶來的災害...more
",https://www.books.com.tw/products/0010242847?loc=P_0003_059
660,日本流行文化在台灣與亞洲(II),邱琡雯,2003-07-01,"
一九八○年代以後，日本流行文化熱在亞洲持續的漫延和發燒，面對這股無法抵禦的浪潮，從輸出地的日本、接受地的亞洲、以及其他的國度，都產生了各種不同的知識論述，去支撐、去批判、去再生產這個跨文化現...more
",https://www.books.com.tw/products/0010245141?loc=P_0003_060
661,歐洲思想史,〔奧〕弗里德里希．希爾,2003-03-25,"
英語成書的歐洲通史書籍為數不少。本書原來於1953年以德語寫成，1966年由英國劍橋大學史家英譯，俟今始由華人歷史學、宗教學者趙復三教授在眾多歐洲歷史書中選出，並花上前後十年時間中譯成書，可謂一本歷...more
",https://www.books.com.tw/products/0010224559?loc=P_0003_061
662,知識社會史,彼得．柏克,2003-02-11,"
本書談的是近四百年來知識在西方歷史上所扮演的角色，這是一部關於「西方近代知識與社會交融史」的導引。跨越的時間從一四五○年前後活字版印刷術在德國古騰堡的發明，到一七五○年代狄德羅陸續出版《百科全...more
",https://www.books.com.tw/products/0010215195?loc=P_0003_062
663,日本流行文化在臺灣與亞洲 (1),,2002-11-30,"
日本在亞洲一直是一個讓人瞠目以視與心存芥蒂的國家。一九九○年代以降，它以圖文視聽為主要形式的流行文化，在傳播媒體與資本商業體系的推波助瀾下，持續地以星火燎原之勢向亞洲各地蔓延。在台灣，日本電...more
",https://www.books.com.tw/products/0010210029?loc=P_0003_063
664,盛世邊緣:香港影的居別.特技與九七政治,洛楓,2002-05-08,"
...more
",https://www.books.com.tw/products/0010286050?loc=P_0003_064
665,帕帕拉吉：小島酋長的城市故事,艾利希．蕭曼,2002-03-10,"
被譯為多國語言，暢銷全世界，發行超過一千七百萬冊   「帕帕拉吉」就是白人、外來客的意思。本書描述一位從未接觸過西方文明的南洋酋長，在遊歷歐洲各國之後，驚訝於他的所聞所見，於是以最純真的眼光，...more
",https://www.books.com.tw/products/0010189155?loc=P_0003_065
666,西方人文速描,寒哲,2002-01-05,"
《西方思想抒寫》、《西方人文速描》二書是本書作者寒哲個人的讀書心得，是一個相當個人性的隨興之筆。而唯其如此，當他企圖為整個西方人文傳統鋪陳出一個簡略的輪廓時，就不像一般概論那樣生冷，而是透過...more
",https://www.books.com.tw/products/0010183855?loc=P_0003_066
667,古羅馬—失落的古文明,郭長剛,2001-11-01,"
古羅馬文明是個偉大的文明：那遼闊的疆土、高度發達的物質文明以及關於英雄的動人傳說……這一切的失落都使人們感到難以釋懷。本書的作者長期從事古代羅馬史的研究和教學工作，他以生動簡練的筆調，多側面地...more
",https://www.books.com.tw/products/0010235945?loc=P_0003_067
668,猶太王國─失落的文明,沐濤、季惠群,2001-11-01,"
猶太人，古稱希伯來人。這是一個多災多難的民族，自公元前2000年他們從西亞的兩河流域遊牧到迦南地區以來，厄運幾乎一直伴隨著他們，一次次地遭遇毀滅，經歷流散，他們在夾縫中苦苦求生。但是，即使命運是...more
",https://www.books.com.tw/products/0010235946?loc=P_0003_068
669,古希臘—失落的古文明,陳恆,2001-11-01,"
我們都知道希臘神話、荷馬史詩和伊索寓言，我們也都熟悉阿基米德、歐幾里德和亞歷山大大帝的名字，那麼古希臘的文明究竟是什麼樣的呢?黑格爾曾說：“東方世界是希臘世界的基礎。”希臘人從東方吸取了拼音文...more
",https://www.books.com.tw/products/0010236000?loc=P_0003_069
670,真實、真相、真理──人類文化的探索之旅,Felipe Fernandez-Armesto,2001-07-02,"
我們需要一部真理的歷史。我們需要它來檢視真理是否只是一個用來符合社會需要或方便菁英的名稱。我們需要能夠分辨真理是否是可以改變的或是永恆的，是深留在時間裡或在時間之外，是普遍的或是隨地方不同而...more
",https://www.books.com.tw/products/0010161370?loc=P_0003_070
671,荳蔻的故事──香料如何改變世界歷史?,Giles Milton,2001-02-26,"
關於荳蔻、香料群島及西方海洋探險者的非凡故事，本書重現「地理大發現」時代的歷史場景，堪稱西人東漸的殖民史詩。   彌爾頓創造了一則真正扣人心弦的故事，裡面談到強烈的愛國情操、兇殘的凌虐過程、貪...more
",https://www.books.com.tw/products/0010147749?loc=P_0003_071
672,身體的語言：從中西文化看身體之謎,栗山茂久,2000-12-28,"
中央研究院歷史語言研究所李建民 導讀推薦 /中研院院士暨故宮博物院院長 杜正勝 是什麼造成了活人與死屍的不同? 生命的存在可由感官察知，但卻也一直無法為我們所充分理解。我們可以清楚看見一個人在跑步...more
",https://www.books.com.tw/products/0010139822?loc=P_0003_072
673,烏托邦之後 : 世紀之反思,奈森．嘉戴爾斯,2000-08-14,"
將來，強權會屬於那些沒有來源、沒有信史的民族，屬於像最初美國人的那種人，因為他們能夠實現「取消版圖」與無重量。   不管我們願不願意，未來已經擺脫歷史重心，只跟著人造衛星轉了。   日本逃出了先祖...more
",https://www.books.com.tw/products/0010182007?loc=P_0003_073
674,西方思想抒寫,寒哲,2000-05-01,"
衰朽與復興的歷史理論，寫給那些無暇閱讀經典著作的人們在大學教育變相成職業教育，在文化被分割成專業領域的今天，如果按照全人的教育理念來看，我們都不算是真正受過教育，只有讀過經典的人才算是受過教...more
",https://www.books.com.tw/products/0010229546?loc=P_0003_074
675,通往未來的過去-與十八世紀接軌的一座新橋,尼爾‧波斯曼,2000-05-01,"
這混亂的年代!我們身陷變遷的漩渦不停打轉，我們質疑世代承襲的價值觀，我們目睹人性良善的本能反應與「務實的選擇」交戰，我們設法面對千禧新世紀帶來的不安。美國當代最傑出的社會觀察家、紐約大學文化...more
",https://www.books.com.tw/products/0010007361?loc=P_0003_075
676,哪呢!?——不思議的日本國,龔邦華,2000-03-01,"
你確定日本真的值得哈嗎?如果你想更進一步的認識、了解日本，本書你不可不讀。 日本人太驕傲，越是學不會的東西就越想學。 日本人愛面子，總是害怕給人添麻煩。 日本人很合群，大家怎麼做自己就怎麼做。 ...more
",https://www.books.com.tw/products/0010047146?loc=P_0003_076
677,永恆的哲學,休斯頓．史密斯,2000-02-28,"
同樣的月亮、同樣的太陽，在古人和今人的眼中扮演不同的角色、具有不同的意義，作者即在說，我們往往侷限於現有的世界觀，而忘了反省到底我們是什麼。在學術圈中也是如此，繼承啟蒙理性的現代主義以及反動...more
",https://www.books.com.tw/products/0010015771?loc=P_0003_077
678,文藝復興時代的歐洲文明,,2000-01-01,"
...more
",https://www.books.com.tw/products/0010445764?loc=P_0003_078
679,日趣-日本風新動向,辜振豐,1999-10-01,"
日本真是一個崇尚名牌的族群。   LV是十九世紀文化的產物，但二十世紀一登場，本身卻能夠調整經營策略，以致能夠配合新時代，從而產生銳變。如戰後的觀光客已經開始搭飛機到各地旅遊，LV乃推出輕便的皮包...more
",https://www.books.com.tw/products/0010088775?loc=P_0003_079
680,神的歷史,Karen Armstrong,1997-11-01,"
這是一本關於世界三大一神宗教歷史的書。作者凱倫.阿姆斯壯(Karen Armstrong)以她切身的宗教條持體驗和淵博的宗教史知識，試圖在對照猶太教、基督教和伊斯蘭教一神觀念演變的基礎上，重新反省檢討西方這個...more
",https://www.books.com.tw/products/0010034781?loc=P_0003_080
681,歐洲的城堡-人類文明小百科1,GASTON DUCHA,1997-08-01,"
壯麗的城堡，神祕雄偉的歷史見證..在久遠的世紀前，這些城堡是在什麼情況下被建立的呢?古人如何建築這些城堡?它們的功能是什麼?隨著歷史的演變，它們是否也跟著改良呢?那些城堡的主人和周遭的臣民們在城堡...more
",https://www.books.com.tw/products/0010152807?loc=P_0003_081
682,哲學：理性與信仰(精),金春峰,1997-05-01,"
本書輯錄作者近年在中國哲學史上的研究精華，範圍包括孔、孟、荀、莊子、宋明理學及「五四」 後的新儒學。並系統論述了中國古代自然科學的獨特思維方式與研究方法。每篇論文都針對某種流行的學術觀點而提...more
",https://www.books.com.tw/products/0010375062?loc=P_0003_082
683,哲學：理性與信仰(平),金春峰,1997-05-01,"
本書輯錄作者近年在中國哲學史上的研究精華，範圍包括孔、孟、荀、莊子、宋明理學及「五四」 後的新儒學。並系統論述了中國古代自然科學的獨特思維方式與研究方法。每篇論文都針對某種流行的學術觀點而提...more
",https://www.books.com.tw/products/0010375063?loc=P_0003_083
684,日本文明開化史略,陳水逢 編著,1995-09-15,"
...more
",https://www.books.com.tw/products/0010068451?loc=P_0003_084
685,中外名人治學的故事,黃偉亞,1994-03-01,"
歷史上中外名人在求學、讀書的道路上，林林總總，各呈妙法，但在他們博古通今、學貫中西的背後，其實都蘊含著一共通道理，即對讀書、治學三要領 ─ 立志、勤學、訣竅的悉心體悟。本書收集了多位中外文學家...more
",https://www.books.com.tw/products/0010055762?loc=P_0003_085
686,世界文化叢書(25)-中世紀文化範疇,古列維奇,1994-02-15,"
古列維奇是享譽國際史壇的蘇聯中世紀學專家，本書則是他馳譽歐美的名作，在西方史壇占有不可取代的地位。   歷時千年之久的歐洲中世紀文化，是我們認識上的一大空白；對於該時段文化的深層內涵，對於該時...more
",https://www.books.com.tw/products/0010061008?loc=P_0003_086
687,烽火西南話戡亂,張傑民,1993-11-15,"
...more
",https://www.books.com.tw/products/0010189418?loc=P_0003_087
688,消失的大陸/金字塔的秘密,查奇華德,1993-10-15,"
本書分為兩篇：消失的大陸和金字塔的祕密。消失的大陸是由吉姆斯查奇華德歷記東、西兩大洋，走遍了大洋洲諸島、中南半島、印度及美洲大陸，調查太陽帝國的始末，證實大陸在一夜之間消失於海底的各種遺跡。...more
",https://www.books.com.tw/products/0010040429?loc=P_0003_088
689,西洋文化史(五),劉景輝,1992-12-01,"
...more
",https://www.books.com.tw/products/0010241568?loc=P_0003_089
690,世界文化叢書(14)-炮火中的文化-文化和第二次世界大戰,金重遠,1992-11-30,"
在眾多的關於第二次世界大戰的著作中，從文化的角度探視並剖析它的，本書不僅是較全面的，而且填補了目前國內這一領域的空白。作者集多年的治學心得，憑藉掌握幾國語言的優勢，搜集了大量的文獻資料，用馬...more
",https://www.books.com.tw/products/0010058481?loc=P_0003_090
691,西洋文化史(五)[精裝],劉景輝,1992-10-01,"
...more
",https://www.books.com.tw/products/0010241567?loc=P_0003_091
692,瘋顛與文明,傅柯,1992-04-01,"
十八世紀末，當瘋顛被確定為一種精神病前，瘋顛與非瘋顛、理性與非理性，用一種躲躲閃閃的方式相互依存，相互交流；直到現代安謐的精神病世界建立，瘋顛與理性用以交流的一切期期艾艾、支離破碎的語詞被拋...more
",https://www.books.com.tw/products/0010038374?loc=P_0003_092
693,規訓與懲罰：監獄的誕生,傅柯,1992-02-01,"
古代作為王權武器的酷刑、古典時期人道主義改革者的夢想、現代規訓權力技術之體現的監獄和規範化監督，這三種懲罰圖型，描繪出一部鮮活的監獄史。傅柯認為懲罰和監獄不僅是一組壓抑機制，具有更複雜的社會...more
",https://www.books.com.tw/products/0010550307?loc=P_0003_093
694,世界文化叢書(6)-人類早期文明的木乃伊-古埃及文化求實,漢尼希,1991-09-15,"
本書是一本介紹、研究古埃及文化的專著，作者是聯邦德國、中國的專家以及在他們指導下攻讀埃及學專業的中國研究生們。作者運用豐富的材料，闡述了古埃及文化的起源、發展和演變的過程，著重分析了古代埃及...more
",https://www.books.com.tw/products/0010056980?loc=P_0003_094
695,中國大陸當代文化變遷,陳奎德主編,1991-07-01,"
...more
",https://www.books.com.tw/products/0010077914?loc=P_0003_095
696,世界文化叢書(2)-紳士道與武士道-日英比較文,麗月塔(英),1991-01-31,"
這是一本討論日英兩國文化異同的譯著，原作者為英國的Trevor Pryce Leggett(日本名麗月塔)。他曾出任英國BBC日語部部長，並長期擔任BBC對日廣播”聽眾信箱”的節目主持人，是英國著名的日本通。本書從日英比...more
",https://www.books.com.tw/products/0010030366?loc=P_0003_096
697,文明的故事,威爾斯著,1989-03-15,"
此書乃威爾斯代表作中之代表作，被稱為「世界之書」，凡有文字的地方即有本書的譯作，這幾年來暢銷多達千萬冊以上，乃介紹人類歷史、文化的經典之作。作者以平易，說故事的有趣手法，使你領略人類文明的來...more
",https://www.books.com.tw/products/0010007822?loc=P_0003_097
698,中西文化論評集(平),褚柏思,1988-09-01,"
清末民初，一股洋化熱潮沒有帶來進步，卻引發了近七十年來的戰亂。本書是作者就中西方文化所作精闢評析的文集。...more
",https://www.books.com.tw/products/0010480083?loc=P_0003_098
699,河洛玄機,符樹勛,1984-12-15,"
...more
",https://www.books.com.tw/products/0010186807?loc=P_0003_099
700,縱向社會的人際關係,中根千枝,1984-03-15,"
本書原著，中根千枝，議談社現代新書，昭和五七年十一月，六三版。本書作者中艮千枝女士，畢業於日本東京大學，專攻東洋史學，又曾留學英國倫敦大學，現在則為日本東京大學東洋文化研究所教授。也的研究對...more
",https://www.books.com.tw/products/0010013200?loc=P_0003_100
701,浩瀚的學海：學術篇,,1981-12-15,"
先秦諸子百家的精深博大，奧妙深遂，為中國學術奠下富厚的根基。其後繁衍綿延，各代又自有其學術主流與學風分佈。經學、史學、理學、考據學，相互傳承推展，復以獨特的注疏方式貫通舊學新知，使古今學術匯...more
",https://www.books.com.tw/products/0010103249?loc=P_0003_001
702,金字塔的秘密,喀他,1900-01-01,"
在廣大的宇宙地球，還有許多尚未解開的謎，未來固然是一個有趣的推理世界，追溯過去也同樣可以發現其中充滿詭異離奇的謎──那就是神奇的古文明。追尋已經消失於這個世界上的事物，不僅是一件有趣的事，同時...more
",https://www.books.com.tw/products/0010030898?loc=P_0003_002
703,西洋歷史地圖,R.R.Palmer著,1900-01-01,"
...more
",https://www.books.com.tw/products/0010077803?loc=P_0003_003
704,俗物圖鑑,湯禎兆,1900-01-01,"
...more
",https://www.books.com.tw/products/0010116554?loc=P_0003_004
705,意大利風俗禮儀,H.香克蘭,1900-01-01,"
本書試圖提供一些基本的信息和忠告，幫助那些不單祇是有興趣旅遊觀光，而是希望與意大利人文往，並了解其生活方式的人。   好客是古地中海人的傳統，即使在節奏日快的現代社會中，意大利仍保存這優良風氣...more
",https://www.books.com.tw/products/0010131567?loc=P_0003_005
706,德國風俗禮儀,W.科爾斯,1900-01-01,"
德國人紀律嚴明、不苟言笑似乎是大家的共識，但你可知道，在狂歡節里，五彩繽紛皂遊行隊伍走上街頭，當中不少是「老成持重的德國人」。你實際對德國的認識有多少呢?   這本88頁的小書介紹了德國人的生活方...more
",https://www.books.com.tw/products/0010131573?loc=P_0003_006
707,法國風俗禮儀,D.羅便臣,1900-01-01,"
法國人不說外語，特別是英語的觀念正逐漸被打破。今天，你在法國的主要城市，會發現大部份法國年青人都樂於用英語和外國人溝通。   法國人對懂得欣賞法國的人是寬容的。本書目的是介紹法國近來的事態發展...more
",https://www.books.com.tw/products/0010131575?loc=P_0003_007
708,探索與發現：人類文明小百科10,,1900-01-01,"
未知事物的誘惑、難以滿足的好奇心以及對危險的漠視，推動著人向遠方冒險探索...  誰是人類的探險先鋒?什麼是「科學的」探索?希臘、中國和阿拉伯的探險家們如何將他們歷險的見證流傳下來?希羅多德有哪些發...more
",https://www.books.com.tw/products/0010152817?loc=P_0003_008
709,科學簡史：人類文明小百科13,,1900-01-01,"
科學的各種發明，是單一天才所成就的果實，還是數代智者的經驗累?  我們生活的這個世界起源為何?宇宙穹蒼伸展的邊界是如何形成的?自然界的力量從何而來?機械或電子產品是否能模仿人類的思維?進化論的結構...more
",https://www.books.com.tw/products/0010152820?loc=P_0003_009
